I
600 Version - data cycle 2013.10, build 20131334, metadata FixXP700.  Copyright (c) 2013, Robin A. Peel (robin@x-plane.com). This data is free software; you can redistribute it and/or modify it under the terms of the GNU General Public License as published by the Free Software Foundation; either version 2 of the License, or (at your option) any later version.  This program is distributed in the hope that it will be useful, but WITHOUT ANY WARRANTY; without even the implied warranty of MERCHANTABILITY or FITNESS FOR A PARTICULAR PURPOSE.  See the GNU General Public License for more details.  You should have received a copy of the GNU General Public License along with this program ("AptNavGNULicence.txt"); if not, write to the Free Software Foundation, Inc., 59 Temple Place, Suite 330, Boston, MA 02111-1307, USA.

 48.999861 -120.767861 10002
 49.000278 -120.765667 10002
 49.000222 -117.869194 10003
 48.999911 -117.869542 10003
 38.863861 -117.308222 10005
 34.503139 -096.307528 10006
 35.044750 -096.062528 10007
 35.185556 -096.020111 10008
 35.968000 -095.529917 10009
 36.196333 -095.247556 10010
 36.315000 -095.099972 10011
 33.870014 -116.429761 10012
 32.548083 -116.961278 10013
 33.985103 -093.318783 10014
 36.442222 -094.941000 10015
 36.483333 -094.889444 10016
 26.933647 -099.333647 10017
 36.853056 -094.420667 10018
 37.150583 -093.997306 10019
 31.581331 -089.277197 10020
 31.350667 -087.521083 10021
 47.983442 -089.974033 10023
 39.523528 -091.264250 10024
 39.886194 -089.122667 10025
 44.221833 -082.252000 10030
 38.818139 -088.107167 10032
 35.495389 -087.942722 10034
 34.617833 -087.434889 10035
 37.532194 -093.446167 10036
 35.617917 -101.081667 10042
 42.379092 -082.705542 10043
 35.283528 -100.556778 10044
 42.579806 -081.430889 10045
 30.720889 -097.787972 10046
 34.177667 -095.824611 10047
 34.460889 -102.507167 10049
 35.049056 -100.193417 10050
 34.979889 -100.086972 10051
 35.821833 -096.128889 10052
 45.097833 -118.093333 10053
 35.255278 -096.636917 10054
 45.002794 -074.092392 10055
 45.000028 -073.617000 10056
 45.000039 -073.237600 10057
 45.018750 -072.103889 10058
 34.918972 -096.934222 10060
 47.366714 -067.296675 10061
 45.423011 -067.545472 10063
 45.337972 -067.450389 10064
 44.955578 -067.023867 10065
 42.402861 -070.850750 10066
 45.842389 -115.000000 10067
 48.380567 -123.162319 10068
 44.968364 -123.577497 10069
 41.333417 -122.900614 10070
 41.333639 -122.580944 10071
 46.067278 -121.777611 10072
 45.746306 -121.656750 10073
 45.622367 -121.610472 10074
 45.022750 -121.389500 10076
 41.084806 -121.541806 10077
 41.002917 -120.069167 10078
 47.421000 -118.053944 10079
 47.181533 -118.749078 10080
 45.719667 -118.974444 10081
 45.699861 -118.988333 10082
 45.287361 -119.275667 10083
 45.077356 -118.123800 10084
 44.373194 -118.781222 10086
 47.428778 -117.729944 10087
 47.432139 -117.575861 10088
 47.135417 -117.949944 10089
 47.103750 -117.450778 10090
 45.787639 -116.965056 10091
 45.340683 -116.805481 10093
 47.952028 -115.000000 10094
 47.429167 -115.000000 10095
 46.915944 -115.000000 10096
 38.112222 -120.792417 10099
 38.047500 -121.100639 10100
 37.959222 -121.001111 10101
 37.852000 -120.880667 10103
 36.725861 -121.122750 10105
 35.742889 -120.078611 10107
 35.586556 -120.671667 10108
 40.741944 -118.970222 10109
 40.274472 -118.033167 10110
 36.684333 -118.583333 10112
 36.113167 -119.180222 10113
 35.913056 -119.314111 10114
 39.068694 -117.319278 10115
 34.517944 -097.284750 10116
 38.048861 -117.236944 10117
 37.289722 -117.158778 10118
 34.374389 -097.409194 10119
 44.928667 -116.660667 10120
 44.844667 -116.631400 10121
 44.544078 -114.787139 10122
 44.255361 -115.203792 10123
 40.678592 -114.920289 10124
 46.587878 -111.868292 10125
 42.689444 -112.108167 10126
 42.320447 -112.082239 10127
 34.838167 -094.867722 10128
 40.146019 -109.156008 10129
 41.708056 -113.275472 10130
 41.426583 -112.844806 10131
 41.472472 -112.023806 10132
 39.134153 -112.104156 10133
 39.467306 -112.056917 10134
 39.383750 -112.068806 10135
 38.738492 -112.806394 10136
 38.937500 -112.131806 10137
 38.509558 -112.191478 10138
 34.214639 -093.898083 10139
 35.981389 -095.718972 10140
 37.659944 -113.575944 10141
 37.448111 -112.318639 10142
 47.217472 -111.536750 10143
 47.167944 -110.912444 10144
 42.495556 -111.537000 10145
 40.741892 -110.119917 10146
 40.205897 -110.796575 10147
 40.232203 -110.844078 10148
 40.228842 -110.767944 10149
 39.962444 -111.098806 10150
 39.720333 -109.932167 10151
 40.366778 -109.138111 10152
 39.619778 -110.202583 10154
 39.785167 -109.756472 10155
 39.477467 -110.208875 10156
 38.879083 -109.983333 10157
 40.670694 -109.114194 10158
 35.848361 -095.676361 10159
 10.000000 -015.000000 1015N
 45.021153 -106.064019 10160
 44.023222 -107.053417 10161
 43.993528 -107.028222 10162
 43.766139 -107.264278 10163
 35.134472 -095.450278 10164
 41.671333 -107.927167 10165
 45.862139 -112.240472 10167
 39.169800 -111.321897 10168
 39.118333 -109.983333 10169
 35.117583 -095.444972 10170
 34.414750 -096.552000 10171
 34.366750 -096.499111 10172
 34.165528 -096.278472 10173
 32.169500 -100.519444 10174
 31.390611 -098.164222 10175
 32.231472 -099.863444 10176
 46.206306 -095.078694 10178
 44.154583 -090.102583 10179
 44.237528 -090.252944 10180
 37.481361 -110.230500 10186
 36.007750 -109.308944 10187
 36.035389 -109.738444 10188
 37.196692 -109.384475 10189
 37.739575 -108.390947 10190
 37.972686 -108.460781 10191
 39.355972 -109.298778 10193
 40.588250 -108.081111 10198
 40.438056 -106.275611 10200
 37.500167 -104.647444 10201
 37.692194 -104.595167 10202
 37.837583 -104.060250 10203
 37.611611 -106.102250 10205
 10.000000 -020.000000 1020N
 41.826139 -105.253639 10211
 44.482528 -104.448000 10212
 44.235583 -103.738583 10213
 38.494583 -103.616889 10216
 37.594417 -103.865917 10217
 38.150833 -102.868417 10220
 38.121139 -102.571611 10221
 37.755583 -111.069667 10224
 37.077806 -111.745056 10225
 36.109389 -111.667667 10226
 36.029111 -111.709583 10227
 35.711722 -110.456778 10228
 35.802389 -109.636944 10229
 35.963056 -108.660889 10230
 36.160028 -107.648722 10231
 36.366222 -107.028250 10232
 36.710972 -106.098917 10233
 36.768500 -104.844139 10234
 37.192750 -103.536083 10235
 37.796528 -102.011986 10236
 37.775722 -102.049583 10237
 38.018778 -101.602056 10238
 38.515389 -100.668167 10239
 39.596194 -098.864389 10241
 40.241694 -099.053139 10242
 40.684750 -099.044139 10243
 41.139369 -099.035114 10244
 41.346667 -099.030444 10245
 42.358028 -099.312636 10247
 42.403333 -099.349944 10248
 42.855556 -099.730169 10249
 43.925389 -101.424528 10250
 39.108383 -109.763239 10251
 35.486972 -119.629972 10254
 10.000000 -025.000000 1025N
 34.323333 -117.042361 10262
 33.949917 -115.849639 10263
 33.526694 -114.000000 10264
 33.526781 -114.000769 10264
 32.775572 -114.000764 10265
 32.775556 -114.000000 10265
 36.083925 -112.400344 10268
 35.877986 -112.412500 10269
 35.402475 -112.417867 10271
 35.400722 -112.440278 10272
 35.113250 -113.219667 10273
 34.750306 -113.872222 10274
 34.293222 -114.000000 10275
 34.292986 -114.000775 10275
 34.159628 -114.000775 10276
 34.159694 -114.000000 10276
 35.513417 -113.955472 10277
 34.271194 -112.305167 10282
 32.553928 -111.369139 10284
 35.316194 -111.314250 10287
 33.218900 -108.163714 10288
 33.546422 -108.066383 10290
 31.850861 -106.736028 10291
 32.283731 -106.898700 10292
 34.146194 -107.055389 10293
 34.400139 -106.988278 10295
 34.745444 -106.309944 10296
 34.948917 -106.051472 10297
 35.788333 -106.499889 10298
 35.862167 -107.423889 10299
 35.866528 -107.407111 10300
 36.134694 -106.350556 10302
 35.093583 -105.866528 10306
 36.480000 -104.920639 10307
 36.127750 -106.378472 10308
 10.000000 -030.000000 1030N
 30.878861 -102.260194 10310
 31.888389 -103.622833 10311
 32.583972 -103.904139 10312
 34.494167 -102.868694 10313
 34.498583 -102.861833 10314
 36.450778 -102.825806 10315
 36.739333 -101.939167 10316
 36.738667 -103.099278 10317
 36.767611 -103.042972 10318
 36.757028 -103.116806 10319
 37.158556 -102.273972 10320
 37.028861 -103.377639 10321
 37.355250 -102.432611 10322
 34.460889 -102.507167 10323
 34.516944 -101.206944 10324
 34.746306 -100.447694 10325
 35.302528 -100.021028 10326
 36.004222 -100.447417 10328
 34.398056 -109.824778 10330
 36.902500 -102.068944 10331
 34.761778 -101.373611 10332
 34.868361 -100.755750 10333
 34.951528 -100.259389 10334
 31.087111 -101.090556 10335
 35.827583 -099.587111 10338
 35.818778 -098.650694 10339
 10.000000 -033.000000 1033N
 35.744139 -098.479556 10340
 35.657797 -099.126453 10341
 31.384917 -099.310722 10345
 31.390583 -098.202222 10346
 10.000000 -034.000000 1034N
 31.887583 -097.961528 10353
 31.434472 -096.069944 10354
 31.299111 -096.431778 10355
 31.206583 -097.362444 10356
 35.917750 -095.909917 10357
 35.863667 -097.840639 10358
 10.000000 -035.000000 1035N
 35.476889 -097.357861 10360
 35.516361 -095.000000 10362
 35.516178 -095.000231 10362
 35.062778 -094.997750 10363
 33.396444 -094.691583 10366
 31.570972 -094.101194 10369
 31.485583 -095.692500 10370
 34.128300 -093.727878 10371
 33.894694 -093.083500 10373
 33.507944 -092.564667 10375
 32.600861 -091.781444 10376
 31.559167 -093.319611 10377
 35.204111 -098.663258 10378
 30.474611 -098.862417 10381
 28.441522 -098.147339 10384
 30.591750 -096.169472 10390
 31.255789 -092.962322 10392
 31.646806 -090.261167 10393
 30.736600 -091.676281 10394
 31.628500 -089.825417 10397
 31.518667 -088.111306 10398
 31.211036 -089.493817 10399
 31.050056 -088.258444 10400
 30.966472 -087.651833 10403
 30.767889 -087.700194 10404
 28.821889 -088.008056 10405
 28.697764 -088.006572 10406
 40.182667 -096.288861 10408
 39.979222 -096.400722 10409
 42.595000 -095.244778 10413
 42.435397 -095.019350 10414
 41.976472 -094.380694 10415
 41.634361 -096.761194 10417
 41.832097 -095.430639 10417
 41.435444 -095.587667 10418
 41.050722 -095.803083 10419
 41.066528 -095.681833 10420
 40.210444 -095.221056 10421
 42.571056 -093.432417 10425
 41.327111 -093.506278 10426
 41.303583 -093.718556 10427
 40.645139 -092.637333 10429
 42.961761 -091.490222 10430
 43.130222 -091.321778 10432
 43.523583 -090.925000 10433
 43.752278 -090.695750 10434
 44.154694 -089.902667 10435
 44.186472 -089.356500 10437
 40.613708 -091.228306 10440
 40.305347 -090.476472 10441
 42.453500 -088.736389 10444
 42.287306 -088.847944 10445
 42.073833 -088.990278 10447
 41.580000 -088.036083 10448
 41.546278 -088.040472 10449
 41.168778 -088.540778 10450
 41.169750 -088.089250 10451
 40.797978 -088.756397 10452
 40.001056 -088.438003 10453
 44.066056 -088.225778 10454
 41.604861 -087.822889 10457
 41.545639 -087.810667 10458
 41.626889 -087.631000 10459
-10.000000  045.000000 1045S
 41.544583 -087.587111 10460
 41.366306 -087.492472 10461
 41.169250 -087.733444 10462
 41.167728 -087.387253 10463
 40.000036 -087.443819 10466
 43.632333 -085.816111 10467
 43.170694 -085.931722 10472
 43.231722 -085.000000 10473
 43.231753 -085.000011 10473
 43.089000 -085.000000 10474
 42.793864 -085.492850 10475
 42.707722 -085.000000 10476
 42.611611 -085.000000 10477
 42.447556 -085.000000 10478
 42.037722 -085.000000 10479
 41.778417 -084.759667 10480
 41.919556 -084.867278 10481
 41.483778 -084.734000 10483
 40.973472 -084.700778 10484
 40.826464 -084.689708 10485
 40.001250 -089.524722 10487
 41.488222 -088.048028 10488
 44.758944 -097.763750 10489
 46.125222 -095.440556 10490
 44.450861 -095.006500 10491
 44.423500 -095.068972 10492
 43.785444 -094.219878 10493
 43.297847 -094.513086 10494
 49.001278 -093.702833 10495
 44.214128 -093.353133 10497
 44.296297 -093.906956 10498
-10.000000  049.000000 1049S
 43.710167 -083.769111 10502
 36.241806 -100.051389 10505
 37.581417 -101.759583 10507
-10.000000  050.000000 1050S
 39.124278 -096.863111 10510
 38.252278 -095.098778 10513
 39.698611 -094.533722 10514
 40.403056 -094.181111 10515
 36.601167 -093.872500 10516
 36.775472 -093.749278 10517
 36.839639 -092.565500 10518
 37.021417 -092.834056 10519
-10.000000  051.000000 1051S
 37.049194 -091.241917 10525
 37.235444 -090.191528 10526
 37.471722 -091.068264 10527
 37.601406 -091.014544 10528
 37.783933 -090.938603 10529
 39.410861 -091.375833 10531
 37.299861 -089.904694 10533
 37.408667 -089.411722 10534
 37.596528 -088.663917 10535
 37.878750 -088.286639 10536
 37.773833 -089.321278 10537
 38.018944 -089.260083 10539
 38.519917 -088.095750 10540
 39.426917 -088.130722 10541
 39.839917 -088.146944 10542
 36.189383 -094.190925 10543
 36.263500 -090.098861 10545
 36.124278 -090.286944 10546
 35.672083 -090.890417 10548
 35.567139 -090.033917 10549
 35.383417 -090.488833 10550
 34.535417 -091.347583 10551
 34.454083 -090.887111 10552
 34.313972 -090.117500 10553
 36.881500 -089.540694 10555
 37.446944 -088.455417 10556
 37.650936 -088.163506 10557
 37.587417 -088.032833 10558
 36.627417 -089.602194 10561
 36.133444 -089.720639 10563
 36.140000 -089.149083 10564
 36.141917 -088.909222 10565
 36.143833 -088.562722 10566
 36.042722 -088.825667 10567
 35.824417 -089.385889 10568
 35.646278 -089.835944 10569
 35.560861 -088.423278 10570
 37.287111 -086.872639 10571
 37.243361 -086.069611 10572
 37.008056 -086.202083 10573
 35.016083 -087.975500 10576
 34.536194 -087.000000 10579
 35.379611 -086.752194 10580
 34.106500 -087.243944 10581
 33.966528 -087.556028 10582
 33.812917 -087.574389 10583
 33.592639 -087.600639 10584
 32.963083 -087.954528 10585
 37.111722 -085.883444 10586
 36.519556 -085.485583 10587
 36.035639 -085.367528 10588
 35.499444 -086.096028 10589
 35.004556 -087.000000 10590
 32.351806 -088.318583 10591
 32.324583 -087.854650 10593
 31.585639 -086.485000 10595
 36.006917 -085.025667 10596
 35.230917 -084.829056 10597
 34.974861 -085.620500 10598
 34.962500 -085.194167 10599
 34.974528 -084.764944 10600
 34.993942 -084.114661 10601
 34.777500 -085.443583 10602
 34.345283 -086.019278 10603
 32.563058 -084.413389 10604
 31.647778 -084.395194 10606
 31.732806 -085.737222 10607
 31.862417 -082.825639 10608
 32.804472 -081.867556 10609
-10.000000  060.000000 1060S
 33.750806 -081.848778 10610
 36.264250 -085.091722 10612
 36.545861 -083.989167 10613
 36.692833 -083.393861 10614
 37.061611 -081.832556 10616
 37.329333 -080.631806 10617
 37.176250 -080.541639 10619
 36.678556 -081.850778 10620
 36.515472 -080.157167 10621
 36.136667 -079.894722 10622
 36.120722 -079.844528 10623
 34.655028 -080.668278 10624
 34.357583 -081.421667 10625
 30.793772 -085.137286 10627
 27.989744 -084.961808 10628
 28.443586 -081.280317 10635
 27.964278 -082.351861 10637
 27.950278 -082.710639 10639
 32.821356 -081.561608 10640
 32.843389 -081.140639 10642
 28.438917 -081.290528 10644
 27.950575 -082.594764 10645
 28.779889 -080.909806 10646
 34.850944 -079.954250 10647
 34.642889 -079.631167 10648
 34.308833 -078.564389 10649
 34.091972 -078.269528 10650
 29.349717 -082.612164 10651
 29.254028 -082.458694 10652
 26.917811 -082.073006 10654
 26.762650 -081.918669 10661
 39.171056 -080.100194 10665
 39.010083 -080.465472 10666
 38.807722 -080.549667 10667
 38.175333 -080.689250 10672
 38.121700 -080.369464 10673
 38.098222 -080.231333 10674
 37.821861 -080.764694 10678
 39.706083 -078.427111 10679
 38.960694 -078.216389 10687
 38.740867 -078.172692 10689
 38.576583 -078.125306 10690
 38.045611 -079.925472 10693
 37.748086 -078.406117 10697
 36.936564 -077.837106 10699
 39.409417 -076.952889 10702
 39.880194 -075.598028 10716
 39.819750 -086.609028 10724
 39.769972 -086.578333 10725
 38.759356 -086.440183 10730
 39.906744 -084.630481 10737
 39.929528 -084.102694 10739
 39.330939 -085.497442 10740
 38.737611 -085.952167 10743
 40.800833 -083.875750 10749
 40.588886 -083.525397 10750
 40.563472 -082.444417 10751
 40.587361 -082.019897 10752
 38.740194 -082.396611 10759
 38.423778 -082.354678 10760
 39.998194 -081.913500 10765
 40.004750 -081.595333 10767
 39.434850 -081.843247 10769
 39.580656 -081.241306 10770
 39.203144 -080.564317 10771
 40.592694 -083.943972 10777
 43.241500 -084.463464 10780
 43.783494 -082.158489 10786
 43.520972 -083.732828 10787
 43.403081 -082.217825 10788
 43.251244 -083.681431 10789
 43.203028 -082.321272 10790
 42.999167 -083.633806 10791
 42.947528 -083.624111 10792
 41.695769 -082.789183 10800
 42.797472 -081.726694 10808
 42.754067 -081.324017 10809
 42.331564 -081.581933 10810
 41.917592 -081.830939 10814
 40.870503 -081.144767 10822
 39.521778 -080.134297 10831
 39.500500 -080.133047 10833
 42.413144 -078.474714 10840
 42.375839 -078.583189 10843
 42.342117 -078.680861 10844
 42.315592 -078.576386 10845
 42.278286 -078.430325 10846
 42.276592 -078.423686 10847
 42.275869 -078.429547 10848
 42.258508 -078.569942 10849
 40.969667 -078.427547 10857
 40.658314 -078.394017 10858
 40.003378 -079.414867 10864
 39.744194 -078.297278 10867
 43.112064 -076.765758 10869
 43.044639 -077.497500 10870
 42.994647 -076.725256 10871
 42.891647 -077.043525 10873
 42.879622 -076.667031 10874
 42.872361 -077.102778 10875
 42.702778 -076.719361 10876
 42.446000 -076.966000 10878
 41.994572 -077.347342 10883
 41.473333 -077.691528 10885
 41.184806 -077.899750 10886
 40.670472 -077.975972 10887
 39.968028 -077.846528 10889
 42.892778 -083.613833 10893
 41.009694 -078.022144 10894
 40.927111 -078.079944 10895
 40.839697 -078.112369 10896
 42.564083 -076.694500 10897
 42.493667 -076.522972 10901
 41.951322 -077.186472 10905
 41.456722 -077.575500 10909
 41.367575 -076.967833 10910
 41.171842 -077.796408 10911
 41.134317 -077.501900 10912
 42.021917 -075.416611 10921
 42.371983 -107.994556 10931
 41.135181 -072.081464 10960
 45.137286 -074.486369 10962
 45.022542 -074.288306 10963
 44.747167 -075.726464 10964
 45.400631 -070.887408 10984
 43.229881 -071.909192 10985
 41.646469 -070.348661 10990
 45.698200 -067.789175 10992
 43.572011 -066.999406 10996
 43.263861 -067.000000 10997
 42.987942 -079.840483 11004
 44.703167 -075.981139 11007
 45.331842 -074.278119 11008
 45.074042 -074.078422 11009
 48.499783 -124.912333 11015
 35.979000 -108.561028 11018
 34.369456 -110.480036 11021
 33.572667 -107.745083 11040
 32.861456 -105.588203 11041
 32.686028 -105.159722 11042
 32.127167 -103.828750 11043
 32.994167 -107.855667 11044
 42.553750 -093.097750 11045
 42.116722 -093.280861 11046
 41.489294 -093.498572 11047
 41.350722 -093.536806 11048
 41.322694 -093.546444 11049
 40.663139 -093.514806 11050
 38.679278 -117.298306 11059
 34.883639 -110.325528 11061
 34.882556 -113.669194 11062
 35.047000 -112.460667 11064
 35.164653 -111.538794 11065
 34.834167 -110.962417 11071
 34.679111 -109.794194 11075
 34.559306 -110.058056 11076
 35.571361 -107.206306 11078
 35.347814 -107.040314 11081
 34.885194 -102.256222 11086
 34.727000 -101.571000 11087
 34.665000 -101.307583 11088
 34.518139 -100.694583 11089
 35.784444 -102.202722 11090
 35.764250 -100.842806 11091
 35.692333 -100.000000 11092
 35.692378 -100.000392 11092
 44.882417 -102.653333 11098
 46.445214 -084.715694 11099
 46.339889 -084.476194 11100
 46.286794 -084.406511 11101
 46.201461 -084.270419 11102
 47.120894 -115.000964 11173
 47.452767 -115.000969 11174
 39.977528 -117.453331 11177
 38.796486 -117.170975 11178
 38.168656 -117.065103 11180
 36.927047 -118.584267 11181
 36.584578 -118.584261 11182
 35.688356 -120.328178 11184
 45.655081 -103.167119 11187
 41.710406 -106.596831 11188
 41.522353 -106.502856 11189
 40.353147 -110.360156 11190
 39.356019 -111.202781 11191
 41.949364 -099.022569 11194
 40.798983 -099.046003 11195
 39.916344 -099.063472 11196
 35.735772 -111.847600 11200
 35.883353 -111.772431 11202
 37.138158 -111.120678 11203
 35.511958 -109.774917 11204
 41.977864 -099.021961 11206
 42.308642 -099.015044 11207
 34.398406 -113.617431 11208
 33.761831 -114.000775 11209
 11.000000 -020.000000 1120N
 33.540253 -114.000769 11210
 33.525169 -114.000769 11211
 35.001175 -113.447292 11212
 34.759011 -113.617436 11213
 36.762328 -102.518381 11214
 34.439572 -102.304744 11215
 31.532156 -104.083806 11216
 36.461472 -100.753900 11219
 35.268622 -095.000231 11220
 31.954800 -092.748511 11222
 31.557644 -093.330114 11223
 31.642861 -090.169225 11229
 31.365472 -087.546461 11230
 42.612642 -093.277203 11231
 43.901547 -085.073669 11232
 44.678019 -089.749956 11233
 42.273736 -084.951842 11234
 42.081767 -084.999969 11235
 41.781992 -084.773733 11238
 41.299689 -084.741039 11241
 41.070908 -084.705706 11242
 40.217286 -087.334567 11243
 40.160850 -090.280983 11247
 40.893917 -093.528047 11250
 41.083136 -093.578047 11251
 42.307983 -093.337789 11253
 42.030847 -093.392403 11256
 42.428481 -093.313897 11257
 32.174603 -110.187208 11259
 36.582792 -093.963867 11260
 33.962908 -087.570792 11266
 39.654614 -078.600597 11273
 33.506389 -084.378978 11278
 42.154572 -077.248503 11279
 42.831028 -079.946903 11280
 43.347111 -082.253186 11281
 41.627789 -077.578178 11282
 40.597122 -077.916639 11284
 41.191506 -077.894800 11285
 33.345467 -103.800511 11291
 31.921344 -107.778889 11296
 32.012667 -106.796639 11297
 31.977806 -106.494167 11298
 31.945556 -105.861944 11299
 30.573561 -101.601728 11302
 28.697819 -088.006572 11303
 28.821344 -088.008044 11304
 43.927575 -085.082200 11305
 38.763269 -087.935672 11307
 11.000000 -030.000000 1130N
 27.998411 -084.960197 11313
 43.467386 -082.196100 11315
 42.957136 -079.467831 11316
 42.419017 -076.938906 11317
 33.319206 -108.045517 11318
 33.331139 -108.318528 11320
 40.311006 -083.071575 11323
 40.320389 -082.529444 11324
 40.330039 -081.677317 11326
 40.332889 -081.127750 11327
 40.331014 -080.057247 11329
 40.312111 -077.865750 11332
 40.308889 -077.553333 11333
 41.001750 -120.956575 11334
 35.726489 -119.992108 11335
 33.530975 -092.566406 11338
 31.737192 -090.661542 11340
 43.072342 -091.379886 11341
 32.727353 -087.864511 11343
 33.579278 -087.717928 11344
 33.464158 -103.638897 11345
 65.837558 -164.730244 11360
 59.592833 -136.823556 11379
 59.412611 -135.200333 11380
 54.619506 -131.106075 11383
 54.519917 -131.648861 11384
 54.508194 -133.022358 11386
 61.562194 -140.496472 11387
 62.471167 -141.000000 11388
 62.672167 -141.000000 11389
 31.243417 -082.260833 11399
 45.954261 -070.244767 11400
 46.070392 -067.300444 11402
 42.598036 -084.974714 11403
 33.869019 -093.178861 11409
 34.300597 -093.573214 11410
 40.683100 -084.967633 11414
 40.209675 -087.364261 11416
 40.832675 -087.181075 11417
 42.177625 -084.995031 11419
 36.438256 -085.464775 11426
 37.093244 -085.855750 11427
 32.906903 -087.928597 11428
 37.299189 -086.207194 11429
 35.710067 -085.631672 11430
 36.276567 -085.044706 11432
 36.958408 -080.413772 11435
 36.209439 -079.981231 11436
 33.996483 -082.278986 11437
 36.739725 -083.201119 11438
 32.013608 -084.237381 11439
 32.179006 -082.958894 11441
 34.560669 -080.928331 11443
 37.048350 -080.466356 11444
 36.682050 -080.253081 11445
 37.008636 -082.063628 11447
 34.062761 -082.123064 11448
 29.001678 -081.389369 11450
 34.519161 -079.461269 11451
 34.696517 -079.704447 11452
 29.002403 -081.033917 11453
 29.293183 -083.020067 11454
 29.376081 -082.442436 11455
 37.526008 -080.829164 11456
 39.020556 -075.700456 11457
 38.612267 -080.599700 11458
 39.719828 -076.214619 11459
 39.181833 -075.792906 11462
 38.866139 -075.612369 11463
 39.150125 -080.029300 11464
 39.385347 -079.495714 11465
 39.171417 -075.786906 11466
 40.319872 -081.673372 11468
 39.820600 -081.562372 11470
 40.599808 -081.787939 11471
 40.269497 -077.863411 11472
 42.842614 -082.127450 11474
 43.001775 -079.467833 11475
 43.066758 -076.759925 11476
 42.509708 -076.860456 11477
 42.548903 -076.218650 11478
 36.112194 -107.864861 11480
 33.998075 -110.350303 11482
 34.396500 -109.863083 11483
 34.411667 -109.844389 11484
 34.605389 -109.604806 11485
 35.503633 -108.429519 11486
 35.926278 -108.162444 11488
 36.101736 -107.604606 11489
 45.158853 -067.249325 11492
 29.657861 -095.589250 11494
 29.774889 -093.984083 11496
 43.944753 -076.558092 11499
 48.999836 -122.572858 11504
 32.383542 -111.494750 11505
 32.665889 -111.726722 11506
 41.314956 -122.352539 11514
 38.068300 -113.298489 11517
 31.252883 -104.083803 11520
 39.284028 -099.167278 11528
 39.305639 -096.766083 11529
 39.303250 -096.161222 11530
 34.102783 -116.332167 11569
 34.019789 -115.293814 11570
 44.606036 -119.354586 11576
 41.116603 -121.653628 11577
 41.458619 -119.366058 11578
 44.716675 -106.001436 11579
 42.457181 -106.975883 11580
 44.281956 -101.451836 11581
 42.363364 -099.013906 11582
 42.917758 -091.534144 11583
 42.319706 -093.335483 11584
 42.097542 -093.379319 11585
 33.907506 -078.028322 11586
 34.437858 -078.962194 11587
 30.000250 -078.633708 11588
 38.116433 -088.079867 11593
 38.905844 -080.478172 11594
 38.462078 -080.631842 11595
 31.710194 -106.367222 11625
 27.454611 -099.507861 11626
 25.861972 -097.435583 11627
 36.982517 -080.427856 11642
 38.139139 -117.269611 11653
 31.854194 -103.581167 11660
 31.568567 -093.916272 11676
 33.295486 -092.969106 11679
 33.508694 -092.645278 11680
 33.554972 -092.627194 11681
 34.198944 -092.270750 11683
 32.649228 -115.697778 11689
 43.641722 -084.446500 11695
 43.247500 -084.035500 11697
 41.098689 -121.531844 11702
 41.080522 -121.528511 11703
 38.703000 -121.109806 11704
 37.985694 -120.965083 11705
 37.890194 -120.923500 11706
 37.850417 -120.906222 11707
 36.808000 -120.460361 11708
 35.730350 -120.012719 11709
 69.171583 -141.000000 11711
 34.261158 -079.266961 11712
 34.303111 -078.651486 11713
 34.342667 -078.611706 11714
 34.430911 -079.169314 11715
 35.075972 -077.864194 11716
 35.146028 -077.791833 11717
 39.824567 -098.978858 11722
 49.000111 -123.139639 11725
 48.999825 -123.136031 11725
 48.740972 -123.108194 11726
 48.894306 -123.126778 11727
 45.449228 -122.973742 11749
 47.273389 -122.936056 11750
 47.694981 -122.984494 11751
 48.259000 -123.050583 11752
 46.375286 -120.969156 11754
 47.031333 -122.149556 11758
 47.013444 -122.381778 11759
 47.204861 -123.196083 11760
 64.578083 -149.078694 11772
 65.849150 -147.276533 11773
 64.819444 -149.030111 11777
 64.998583 -148.996222 11778
 65.385028 -148.921528 11779
 64.154278 -145.693722 11780
 40.793822 -072.519778 11785
 40.467289 -080.328367 11791
 43.520361 -082.157639 11795
 36.984333 -082.168417 11796
 36.935214 -082.379644 11797
 41.288444 -099.031667 11798
 36.256694 -082.981611 11799
 37.329000 -082.212333 11800
 36.399111 -082.604472 11801
 36.580472 -082.117417 11802
 35.015922 -083.169733 11803
 35.014811 -083.226844 11804
 38.164444 -082.426361 11811
 38.321806 -082.320306 11812
 38.411889 -082.259333 11813
 39.376772 -080.873911 11816
 41.487997 -070.671167 11825
 31.784500 -106.717500 11826
 33.526444 -084.347778 11829
 33.472278 -084.431833 11830
 44.512000 -122.717306 11837
 44.790814 -122.350939 11838
 44.991528 -122.084000 11839
 45.061481 -121.990328 11840
 45.184139 -121.825306 11841
 45.402528 -121.528889 11842
 45.579028 -121.286861 11843
 45.741250 -121.052000 11844
 46.321750 -120.006972 11846
 47.163167 -118.418833 11847
 47.424667 -117.906000 11848
 32.659131 -108.815917 11850
 32.605856 -108.616219 11851
 33.203806 -103.800000 11854
 48.999994 -112.291225 11856
 49.000008 -109.457983 11857
 46.723233 -103.167119 11858
 45.268056 -103.166667 11860
 46.882194 -103.166667 11862
 46.089972 -103.166667 11863
 32.451833 -090.268278 11882
 49.000000 -096.495750 11901
 48.999972 -096.495583 11901
 48.999986 -097.131836 11902
 49.000222 -097.131917 11902
 48.999983 -096.929936 11903
 31.607944 -084.719389 11904
 32.460583 -085.005431 11905
 32.982333 -085.183306 11906
 33.652611 -085.486056 11907
 34.292194 -085.787250 11908
 34.460167 -085.867194 11909
 35.454028 -086.347333 11911
 26.580242 -081.877086 11912
 34.511972 -082.783556 11913
 36.464583 -084.312278 11915
 35.061500 -083.216444 11916
 35.015728 -083.180122 11917
 35.007114 -083.173289 11918
 34.492139 -114.000000 11922
 34.492011 -114.000778 11922
 48.999825 -123.108417 11923
 49.000111 -123.108306 11923
 38.562472 -094.201167 11924
 35.061083 -099.584528 11930
 35.309083 -099.818194 11931
 38.125278 -102.612611 11932
 37.705222 -102.178222 11933
 35.500611 -100.000000 11934
 35.501019 -100.000389 11934
 35.709944 -100.199889 11935
 35.990528 -100.470056 11936
 36.026556 -100.504972 11937
 36.916778 -101.380139 11940
 36.984139 -101.447500 11941
 37.374750 -101.840972 11942
 37.508833 -101.977306 11943
 38.510375 -117.290228 11956
 42.213947 -112.074819 11963
 42.251444 -110.834417 11964
 42.660639 -107.088028 11967
 38.552992 -112.910592 11968
 38.697056 -112.165425 11969
 39.334964 -110.085786 11971
 39.440778 -112.060683 11972
 39.889778 -109.470778 11974
 40.824694 -111.491944 11976
 40.686611 -111.676556 11977
 46.952608 -109.010464 11978
 47.052528 -109.045028 11981
 45.549606 -103.167119 11982
 47.045528 -108.097083 11984
 46.901389 -103.166667 11985
 44.484706 -101.467256 11987
 39.514139 -109.572194 11991
 38.693217 -104.168625 11995
 40.610000 -099.682611 11996
 40.985372 -099.038308 11997
 45.000806 -074.205861 12006
 47.519611 -067.723833 12007
 47.318667 -115.000000 12009
 47.465972 -115.000000 12010
 44.519828 -074.118622 12023
 40.518667 -083.968111 12026
 40.460972 -083.746417 12027
 40.309031 -083.171661 12028
 38.842214 -103.656889 12031
 38.846222 -102.119444 12032
 38.853944 -100.015694 12033
 35.490611 -097.567194 12040
 42.750544 -107.102750 12044
 34.460800 -117.493722 12046
 34.746361 -116.975444 12047
 33.724408 -117.292203 12049
 33.761528 -115.751167 12050
 33.840083 -115.507750 12051
 32.772528 -097.990806 12054
 27.950278 -082.682194 12076
 49.000194 -122.833028 12081
 48.581611 -121.191472 12082
 47.435083 -117.433833 12084
 47.065667 -116.892361 12085
 45.712361 -115.000000 12086
 45.838967 -115.171283 12087
 48.945944 -122.582056 12088
 42.810181 -110.528306 12090
 42.271639 -109.850111 12091
 47.283981 -083.822444 12092
 34.255833 -117.861083 12100
 34.013222 -117.622750 12102
 38.420931 -116.198800 12103
 37.533550 -075.858097 12105
 39.871472 -073.590583 12106
 39.302317 -112.505556 12107
 37.928319 -087.762381 12110
 40.591894 -088.176572 12112
 40.575722 -094.093472 12113
 40.190722 -096.284417 12114
 27.352833 -082.315222 12115
 46.124147 -070.227131 12123
 40.691167 -107.571944 12124
 38.580222 -103.260972 12125
 37.624694 -103.604972 12129
 37.957778 -103.609500 12130
 38.221917 -103.613139 12132
 40.555889 -110.356528 12134
 40.319325 -109.142483 12135
 40.299833 -109.045861 12138
 43.864389 -106.919139 12157
 37.172611 -090.468000 12160
 38.542639 -090.014972 12161
 38.789417 -089.951778 12162
 39.007278 -089.895611 12163
 35.867611 -091.165194 12164
 26.030561 -080.425747 12165
 38.855167 -089.934861 12169
 41.403728 -070.405856 12171
 41.584861 -070.293964 12172
 42.628567 -070.150256 12173
 42.947092 -070.127206 12174
 42.522000 -097.577056 12184
 42.116194 -097.855583 12185
 44.953472 -099.957361 12186
 44.769250 -100.561361 12187
 36.130806 -091.538583 12188
 36.171250 -091.596333 12189
 27.465333 -082.149667 12201
 48.500056 -124.844333 12203
 36.317611 -112.386611 12204
 36.517803 -110.586750 12205
 36.419167 -111.505028 12206
 49.075864 -122.563997 12208
 12.000000 -020.000000 1220N
 49.053486 -125.456025 12210
 27.510814 -080.771169 12213
 26.339106 -080.265103 12214
 35.593747 -111.925833 12225
 35.411719 -108.554522 12226
 35.366667 -108.334306 12227
 35.605694 -112.428389 12228
 36.076472 -114.279944 12231
 33.997067 -117.790611 12233
 34.247556 -116.796472 12235
 34.786972 -115.559917 12236
 35.481889 -113.896917 12237
 36.224142 -114.690789 12238
 36.312783 -114.399111 12239
 36.909625 -112.351244 12240
 36.078978 -114.742306 12241
 36.060333 -115.184914 12242
 36.079167 -114.800639 12243
 49.000750 -095.641056 12244
 49.409958 -096.334397 12245
 29.517778 -104.292667 12247
 31.316864 -102.256333 12248
 28.079444 -082.096861 12260
 28.690653 -082.645378 12262
 27.301944 -082.083889 12264
 39.252667 -096.794472 12265
 40.540083 -092.505936 12268
 40.724531 -091.678217 12269
 39.910139 -095.062389 12272
 29.312306 -082.552111 12274
 32.629361 -084.020750 12277
 33.503972 -084.382667 12278
 29.628278 -083.062361 12280
 30.534250 -083.485583 12281
 32.599475 -084.198664 12282
 33.490861 -084.403000 12283
 30.524389 -083.151111 12284
 31.683694 -083.993028 12285
 31.684278 -083.638056 12286
 48.999967 -114.935275 12288
 43.914444 -117.302028 12298
 44.309328 -117.128033 12299
 44.887222 -116.868889 12300
 44.986083 -116.824028 12301
 45.163656 -116.742981 12302
 45.341131 -116.661475 12303
 45.805389 -116.445694 12304
 46.516472 -116.107722 12305
 46.989389 -115.877722 12306
 49.695694 -114.599556 12307
 12.000000 -030.000000 1230N
 44.080822 -117.828717 12368
 45.047833 -117.794722 12370
 45.756311 -117.749006 12372
 47.117139 -117.657889 12373
 47.430861 -117.636222 12374
 59.999161 -168.002286 12375
 44.887639 -122.015444 12376
 45.030944 -122.031306 12377
 45.120361 -122.041222 12378
 45.364833 -122.068500 12379
 45.686697 -122.104808 12380
 45.747972 -122.111750 12381
 45.929167 -122.132422 12382
 46.769550 -122.230053 12383
 41.206389 -121.966083 12384
 39.105922 -100.946619 12385
 38.855111 -100.298472 12386
 38.791667 -100.136722 12387
 38.645361 -099.766861 12388
 38.422944 -099.213028 12394
 38.089750 -098.401500 12395
 47.022878 -122.260086 12396
 30.873972 -105.390611 12397
 37.154139 -121.589250 12398
 37.793889 -121.570750 12399
 37.915528 -121.567194 12400
 42.280611 -107.786556 12401
 43.075250 -109.647008 12404
 43.843667 -107.276861 12405
 44.035056 -107.403750 12406
 41.397667 -105.847831 12407
 42.890139 -106.658167 12408
 42.925658 -106.680819 12409
 43.775417 -107.231889 12411
 38.583778 -112.753611 12412
 35.518389 -120.886928 12413
 39.498250 -079.124417 12450
 39.994833 -082.063194 12451
 39.844278 -081.566750 12452
 39.706389 -081.119833 12453
 39.387750 -080.114472 12455
 39.427861 -080.238972 12456
 30.090833 -098.395917 12462
 29.966278 -098.055417 12463
 30.213972 -098.735750 12466
 63.408083 -153.962917 12469
 63.387047 -154.041486 12469
 48.999978 -122.432853 12471
 49.000194 -122.432306 12471
 35.559028 -110.790389 12481
 38.126144 -112.244339 12483
 37.984861 -111.790667 12484
 37.960861 -111.714278 12485
 38.845139 -112.447000 12487
 39.445750 -111.730000 12488
 39.598694 -111.544556 12489
 39.694611 -111.427694 12490
 40.341722 -109.254333 12492
 40.189528 -109.947500 12494
 40.185583 -109.872167 12495
 39.748333 -109.981417 12497
 39.812075 -110.093706 12498
 40.028472 -110.478000 12499
 39.884278 -110.892028 12500
 39.753156 -110.548214 12501
 39.683889 -110.368222 12502
 39.263353 -110.024169 12504
 40.286556 -109.144389 12506
 39.128803 -110.225592 12508
 38.750083 -110.785667 12509
 38.833475 -110.271194 12510
 37.473194 -112.641583 12511
 38.621111 -109.983333 12512
 37.481833 -112.755278 12513
 38.989806 -109.983333 12514
 43.996833 -104.286722 12516
 44.832000 -102.321417 12517
 45.799972 -100.904611 12520
 46.147500 -100.504472 12521
 46.842639 -099.683611 12522
 38.006000 -111.858056 12523
 42.113611 -107.410111 12525
 41.250694 -108.462139 12526
 44.020111 -106.966306 12527
 37.772500 -102.247306 12528
 37.790444 -102.071639 12529
 41.755028 -106.617528 12530
 37.479139 -082.231611 12534
 43.822258 -123.264478 12544
 47.204919 -119.197389 12545
 47.080808 -119.036083 12546
 46.938336 -118.852192 12547
 46.561614 -118.372417 12548
 46.045639 -117.730028 12549
 45.771111 -117.394889 12550
 41.333639 -123.316139 12551
 43.822258 -123.264478 12554
 46.067278 -121.777611 12560
 45.746306 -121.656750 12561
 45.622361 -121.610472 12562
 45.402528 -121.528889 12563
 45.022750 -121.389500 12564
 47.200639 -118.345889 12594
 47.240194 -118.580500 12595
 45.340500 -116.878139 12601
 45.253056 -116.774500 12602
 45.208889 -116.722278 12603
 43.978639 -115.597306 12604
 43.361833 -115.133778 12605
 29.120228 -081.804858 12609
 28.274317 -081.662186 12610
 28.887056 -081.875194 12613
 28.944556 -081.966083 12614
 28.414694 -082.396703 12615
 28.062711 -082.312089 12617
 49.000250 -100.832139 12618
 42.479856 -114.489453 12625
 36.469111 -094.846694 12626
 36.539583 -095.080222 12627
 36.020778 -097.397028 12629
 36.617611 -095.649944 12630
 36.727639 -095.613639 12631
 36.195417 -094.974139 12632
 36.423250 -094.695722 12633
 30.773825 -102.289108 12634
 43.721389 -084.530389 12646
 43.659000 -084.279222 12647
 40.935611 -082.918267 12652
 40.916556 -082.319778 12653
 40.908222 -082.078639 12654
 37.296111 -086.396139 12784
 37.820861 -119.412389 12800
 37.664806 -120.671556 12801
 37.645806 -120.817667 12802
 38.385528 -118.231222 12803
 37.967250 -118.687556 12804
 38.215917 -120.197278 12805
 37.884806 -120.330278 12806
 35.481889 -113.896917 12817
 34.786972 -115.559917 12818
 44.683861 -075.705722 12819
 44.615000 -075.991028 12820
 43.528047 -079.743714 12828
 39.605444 -109.731083 12830
 39.536639 -109.989111 12831
 44.873742 -090.717997 12832
 44.355417 -090.338250 12833
 43.667056 -090.780556 12834
 43.977056 -090.470583 12836
 44.154381 -090.192992 12837
 37.564139 -087.985028 12851
 37.246028 -088.177500 12852
 36.087583 -088.863417 12853
 36.142444 -088.831444 12854
 36.010861 -088.908028 12855
 36.115639 -086.390917 12858
 36.229694 -086.398667 12859
 36.611972 -086.423056 12860
 32.450694 -088.185028 12871
 32.494028 -087.800083 12872
 32.633194 -086.482333 12873
 40.274611 -100.247167 12880
 40.510194 -099.047694 12881
 40.207950 -100.358197 12882
 40.221289 -099.119336 12883
 40.221622 -099.053889 12884
 31.011817 -087.978053 12887
 40.365944 -095.303806 12888
 42.825972 -094.791983 12932
 42.601333 -094.923167 12933
 34.849456 -095.782294 12937
 43.614889 -085.475861 12945
 43.440472 -085.000000 12946
 37.314556 -082.818028 12948
 37.658597 -082.763853 12949
 36.813064 -082.896189 12950
 38.078472 -082.725722 12962
 38.300444 -082.711361 12963
 38.466167 -082.700611 12964
 38.728633 -082.683469 12965
 39.741694 -082.616083 12966
 39.981139 -082.599889 12967
 67.943508 -141.002711 12970
 45.862861 -113.192556 12971
 46.649322 -112.327267 12972
 46.688722 -112.283083 12973
 47.227583 -111.669972 12974
 11.000000  052.314364 13.26
 11.000000  052.364647 13.47
 11.000000  052.380408 13.53
 33.298444 -092.286750 13014
 35.657528 -119.626389 13015
 36.487500 -119.608778 13016
 36.850556 -119.600972 13017
 37.923528 -119.615475 13018
 38.312494 -119.625114 13019
 37.797028 -119.612333 13020
 44.189694 -072.961694 13023
 42.637894 -071.281503 13024
 42.427314 -071.456672 13025
 42.244667 -070.886722 13027
 38.295889 -082.337806 13041
 38.320694 -082.341083 13042
 39.706778 -082.527083 13043
 39.982111 -082.564944 13044
 28.542417 -081.055333 13058
 49.000008 -115.967250 13060
 38.385169 -112.208694 13061
 34.987444 -086.120361 13064
 34.503472 -086.828611 13065
 32.114917 -082.417528 13066
 32.475917 -082.021250 13067
 32.793611 -082.057200 13068
 38.449000 -118.308444 13070
 37.964028 -119.432361 13071
 39.847586 -073.536533 13073
 40.802072 -072.452444 13074
 34.543494 -079.494547 13077
 32.865972 -080.677139 13081
 33.241611 -080.400694 13082
 34.586583 -097.725639 13083
 39.920036 -087.413125 13084
 41.421108 -080.111808 13086
 29.239667 -082.617750 13090
 38.376494 -087.056056 13092
 54.619361 -131.107028 13094
 38.406728 -111.291808 13105
 38.411450 -111.035744 13106
 38.432722 -109.983333 13107
 41.171778 -108.588806 13108
 38.451014 -108.605536 13109
 40.148444 -107.574722 13114
 40.451500 -107.870889 13115
 40.581278 -107.998778 13116
 40.601167 -108.018417 13117
 39.058842 -108.378531 13119
 38.957036 -108.760822 13120
 34.312528 -082.628167 13129
 34.636500 -081.998167 13130
 34.772389 -081.730556 13131
 35.506778 -080.247553 13132
 35.734525 -079.774336 13133
 34.300028 -082.057944 13134
 34.547500 -081.562639 13135
 35.088167 -080.455556 13136
 35.399028 -079.802622 13137
 32.845694 -081.094806 13138
 32.796722 -081.144583 13139
 33.380222 -080.546639 13140
 33.580750 -080.148583 13141
 33.698914 -079.810458 13142
 33.794969 -079.532947 13143
 33.866969 -079.323269 13144
 34.278722 -079.014947 13146
 37.230233 -077.832719 13148
 36.861453 -077.904997 13149
 37.036750 -077.611222 13150
 37.156844 -077.408508 13151
 35.505236 -078.982461 13153
 35.921167 -078.292306 13154
 35.963056 -077.851444 13155
 36.499653 -076.852903 13156
 35.786417 -077.854000 13157
 36.080794 -077.019872 13162
 34.439917 -078.893222 13167
 34.180611 -078.393392 13172
 41.663417 -077.552222 13178
 41.732056 -077.359778 13179
 41.882628 -076.932989 13181
 42.236778 -075.908944 13185
 47.336753 -086.762831 13187
 34.396667 -106.820139 13189
 34.395167 -106.750250 13190
 35.054017 -110.910944 13191
 35.073750 -110.819611 13192
 35.087694 -110.754889 13193
 35.473333 -108.859278 13194
 35.477000 -108.857139 13195
 35.480861 -108.854889 13196
 40.201750 -096.278333 13197
 33.674750 -114.000000 13201
 33.828139 -115.544889 13203
 33.543667 -114.000000 13204
 33.168694 -112.362250 13205
 33.868222 -114.000000 13207
 33.868494 -114.000775 13207
 33.799833 -113.803156 13208
 33.453806 -112.825556 13209
 13.000000 -020.000000 1320N
 33.262778 -112.223167 13210
 33.171972 -111.940778 13211
 33.127833 -111.804500 13212
 33.453817 -112.826472 13213
 33.107056 -112.453056 13214
 35.526750 -097.607472 13216
 35.948083 -097.603083 13217
 35.291300 -077.641219 13218
 36.150711 -077.423081 13219
 36.326611 -077.377833 13220
 36.596000 -076.469806 13221
 36.721306 -076.485694 13222
 37.225750 -076.550222 13223
 38.099794 -076.664125 13224
 40.685250 -073.376333 13234
 37.023011 -078.217664 13238
 37.192067 -078.088139 13239
 38.294694 -119.731972 13240
 37.916306 -119.754667 13241
 37.309750 -120.278889 13242
 33.109167 -092.037500 13267
 32.721667 -090.270667 13268
 39.030000 -077.465139 13269
 38.501278 -078.103667 13270
 36.948944 -080.408556 13273
 39.612792 -077.357400 13275
 39.417056 -077.458778 13284
 40.003694 -084.090389 13291
 40.010194 -084.244306 13292
 39.980833 -078.315639 13293
 42.474978 -078.293958 13294
 42.307983 -078.165869 13296
 42.186039 -078.072811 13297
 41.748903 -077.498008 13299
 41.785778 -077.551944 13303
 41.768361 -077.486389 13304
 41.200142 -078.452603 13305
 41.096061 -079.517711 13306
 39.820000 -078.037028 13308
 13.000000 -030.000000 1330N
 41.990417 -078.336250 13314
 40.436769 -075.224950 13320
 39.432333 -077.044667 13324
 40.376047 -075.033947 13328
 40.681111 -074.581194 13329
 40.869917 -074.269500 13330
 41.112583 -073.864278 13333
 41.276444 -074.449072 13334
 40.952361 -074.660056 13335
 40.705236 -075.027892 13336
 40.509625 -075.455903 13337
 41.183583 -074.350206 13343
 40.450878 -075.269508 13345
 41.654667 -077.420639 13353
 41.439236 -077.424367 13354
 41.434875 -077.424450 13355
 41.166347 -077.429144 13356
 41.125011 -077.429869 13357
 40.307583 -077.443917 13361
 39.955703 -077.449819 13363
 39.778250 -077.452806 13364
 41.733514 -077.355669 13369
 41.734167 -077.358114 13370
 41.605158 -076.880167 13371
 41.527381 -076.596419 13372
 41.742075 -076.422439 13374
 41.322314 -077.801322 13377
 41.436261 -077.434033 13379
 41.733500 -077.355667 13381
 40.356722 -075.389611 13382
 42.295231 -071.565814 13383
 42.188197 -074.052444 13387
 41.418917 -074.387889 13388
 41.328508 -074.113669 13391
 42.535753 -072.210803 13392
 43.359414 -071.064092 13394
 42.043972 -078.545833 13398
 38.810083 -120.925556 13423
 41.002917 -120.682056 13424
 61.601222 -159.675833 13432
 61.840817 -161.463278 13433
 62.009250 -162.858111 13434
 35.664667 -079.234528 13437
 39.869167 -075.376639 13443
 40.085694 -075.113222 13444
 35.353236 -079.383858 13445
 40.792444 -079.683750 13448
 42.439431 -077.026022 13450
 42.660369 -077.744719 13451
 40.160386 -075.021781 13452
 40.453258 -075.972767 13453
 41.922044 -077.078078 13454
 40.835903 -077.407111 13455
 41.679044 -077.152692 13456
 40.951000 -074.134722 13459
 41.173861 -074.492972 13461
 41.551392 -075.098419 13462
 41.798214 -075.956114 13463
 41.839500 -076.091722 13464
 41.987806 -076.630861 13465
 40.737097 -077.436575 13466
 41.111375 -077.324694 13468
 41.227472 -077.289750 13469
 41.407267 -077.235389 13470
 41.506433 -077.205278 13471
 41.296611 -074.165889 13474
 41.963194 -075.665583 13476
 42.160322 -076.145233 13477
 42.426722 -076.985306 13479
 41.419861 -074.387472 13480
 41.777139 -074.232731 13481
 42.279075 -075.786719 13482
 41.117139 -073.856583 13486
 41.121694 -073.864444 13487
 42.030306 -075.431342 13488
 41.902389 -075.136222 13491
 42.515819 -076.310989 13492
 35.722889 -120.209472 13495
 41.053194 -093.331472 13496
 41.444472 -093.506361 13497
 40.462528 -095.355417 13498
 40.881250 -093.937194 13499
 40.986081 -093.569519 13500
 36.323500 -077.846167 13502
 36.445778 -077.587472 13503
 36.574067 -077.313831 13504
 36.187400 -078.131739 13505
 38.979247 -078.859022 13508
 38.579556 -080.605667 13509
 39.620972 -077.357667 13529
 38.840417 -079.196842 13530
 39.167214 -078.395644 13531
 39.228186 -078.243806 13532
 39.477350 -077.657933 13533
 39.574000 -077.456194 13534
 39.616056 -077.367944 13535
 38.443833 -080.260406 13536
 38.610453 -078.135053 13537
 37.970272 -076.844600 13538
 37.740000 -078.547750 13539
 37.709503 -078.442806 13540
 37.494583 -077.335056 13541
 37.494061 -077.327922 13542
 37.493889 -077.325611 13543
 37.493672 -077.322506 13544
 37.471144 -077.011133 13545
 38.082389 -077.984139 13547
 38.462667 -076.972194 13548
 38.544472 -076.723139 13549
 39.301086 -075.110514 13551
 37.804000 -080.768583 13552
 38.096250 -077.988083 13554
 39.849500 -075.001000 13555
 40.040000 -074.728889 13556
 38.311886 -080.661111 13559
 40.858472 -073.787028 13562
 40.648056 -074.016111 13563
 39.724611 -077.139167 13564
 40.858472 -073.782361 13565
 40.862556 -073.782556 13566
 41.080139 -073.793222 13567
 42.210308 -073.812722 13569
 40.991222 -073.641472 13570
 41.101361 -073.520111 13571
 40.866222 -073.429306 13572
 40.963583 -073.594417 13573
 38.153444 -078.004306 13577
 39.000108 -077.099700 13578
 39.151778 -076.876222 13579
 39.210056 -076.786139 13580
 39.389806 -076.506694 13581
 39.886167 -075.721889 13582
 36.412472 -081.119861 13583
 35.817500 -081.891083 13584
 35.723694 -082.011028 13585
 34.879064 -083.071956 13586
 39.324964 -077.157508 13587
 36.901750 -077.837639 13588
 39.246828 -076.904419 13589
 39.774139 -074.642611 13590
 40.073194 -074.342444 13591
 36.664147 -077.841156 13592
 39.005072 -080.104467 13594
 39.674531 -075.120981 13595
 39.749944 -074.759722 13596
 40.038086 -073.718292 13598
 39.847556 -074.964972 13599
 39.831667 -074.679444 13600
 39.826583 -074.590222 13601
 40.038531 -074.475122 13602
 37.913833 -080.744639 13603
 38.938111 -077.560306 13604
 38.897917 -077.601806 13605
 40.267886 -074.246667 13606
 40.303581 -074.110250 13607
 40.448722 -073.547722 13608
 40.858583 -073.650806 13609
 40.470161 -074.043556 13610
 40.858444 -073.440778 13611
 40.647389 -072.755722 13612
 40.684850 -072.603094 13613
 41.651806 -071.194583 13614
 42.253333 -073.329250 13616
 42.958139 -073.343306 13618
 43.733417 -073.420889 13619
 39.283889 -079.698472 13621
 35.020917 -082.896111 13622
 37.333167 -119.345000 13628
 37.306556 -119.600333 13629
 46.421528 -094.086667 13630
 46.802583 -094.405583 13631
 49.000222 -096.354417 13632
 48.999981 -096.353989 13632
 37.912833 -108.442778 13633
 38.040833 -107.826611 13634
 38.162528 -107.223750 13635
 38.244833 -106.805750 13636
 38.396889 -106.010194 13637
 35.529025 -107.996561 13639
 35.491250 -108.848806 13640
 35.135583 -104.924194 13644
 35.316833 -104.025750 13645
 35.449806 -103.341917 13646
 35.679278 -102.105611 13647
 34.822583 -106.875722 13648
 34.832194 -106.817556 13649
 34.878528 -106.534889 13650
 34.957889 -106.040056 13651
 35.132528 -104.998528 13652
 35.432444 -104.397556 13653
 35.548306 -104.162556 13654
 35.724139 -103.802806 13655
 36.271833 -102.657111 13656
 34.952111 -106.076528 13657
 36.641333 -101.861528 13658
 36.878056 -101.341556 13659
 37.777622 -082.744992 13668
 42.514650 -092.402381 13699
 42.217961 -092.426772 13700
 41.840772 -092.457436 13701
 41.488528 -092.485722 13702
 41.434086 -092.490075 13703
 41.282008 -092.502186 13704
 40.799583 -092.540222 13705
 40.656911 -092.551353 13706
 36.128306 -120.176500 13710
 35.407583 -119.453611 13711
 35.583000 -119.627944 13712
 35.675389 -119.720194 13713
 30.329639 -099.058000 13714
 30.522722 -099.228000 13715
 31.238278 -099.863444 13716
 40.742444 -092.544694 13717
 41.447111 -089.402028 13718
 41.166194 -088.974278 13719
 40.592556 -093.017306 13720
 40.341778 -092.259972 13721
 40.756639 -091.583250 13722
 39.382583 -089.798028 13723
 39.842000 -089.182556 13724
 40.002417 -088.964611 13725
 40.231583 -092.123417 13726
 40.475667 -090.889333 13727
 42.631167 -097.501283 13736
 42.859758 -095.622786 13737
 42.925583 -095.025500 13738
 42.958578 -094.714092 13739
 43.563081 -078.749761 13754
 43.205333 -079.015694 13755
 42.950750 -079.058222 13756
 43.010333 -082.411747 13757
 42.971306 -083.628583 13758
 46.963417 -123.401139 13759
 45.173139 -123.322111 13760
 44.012706 -123.315622 13761
 45.173169 -123.322106 13762
 46.963417 -123.401139 13763
 47.380722 -123.420333 13764
 47.867667 -123.443111 13765
 48.248639 -123.461222 13766
 46.295333 -121.181333 13767
 46.030528 -120.536139 13768
 45.720583 -119.799556 13769
 45.446972 -119.165056 13770
 45.170853 -118.538972 13771
 46.786583 -122.420111 13772
 46.709917 -122.223028 13773
 47.405931 -120.418294 13774
 45.020861 -118.204583 13775
 44.308639 -117.128333 13776
 46.605739 -111.858986 13777
 46.564806 -109.873694 13778
 46.530833 -108.866306 13779
 37.960806 -122.005556 13782
 30.408306 -091.116806 13783
 30.520050 -090.204997 13784
 30.559383 -089.870375 13785
 37.881722 -084.191167 13787
 37.796333 -083.685056 13788
 37.637361 -082.777917 13789
 37.635597 -082.767492 13790
 37.680111 -082.257528 13791
 37.698964 -082.053458 13792
 37.721803 -081.800725 13793
 37.632875 -082.752353 13794
 26.453189 -081.612553 13812
 35.923961 -111.756042 13813
 33.789778 -115.925417 13814
 33.843194 -115.847528 13815
 33.915417 -115.741906 13816
 33.976417 -115.652556 13817
 34.110250 -115.455472 13818
 34.216194 -115.298750 13819
 35.224861 -113.423361 13820
 35.482775 -112.818017 13821
 35.607661 -112.520844 13822
 35.647306 -112.425972 13823
 40.273806 -090.400556 13831
 40.718167 -084.750917 13832
 40.677461 -084.683292 13833
 40.701194 -084.683333 13887
 35.956806 -108.574194 13889
 31.573944 -121.344806 13890
 49.000028 -107.015972 13893
 49.000278 -109.756556 13894
 49.000139 -108.423806 13895
 48.946750 -109.528417 13897
 39.873389 -109.604556 13898
 39.854056 -109.568639 13899
 39.824528 -109.512861 13900
 39.716083 -109.310639 13901
 39.647639 -109.183472 13902
 39.530667 -108.966944 13903
 39.162361 -108.295750 13904
 39.106917 -108.195861 13905
 39.057564 -108.110156 13906
 48.362917 -101.430444 13907
 32.051750 -082.520028 13908
 41.232583 -068.825611 13919
 40.897583 -069.466722 13920
 49.000222 -102.340250 13921
 49.000167 -102.102056 13922
 48.936194 -102.247306 13925
 32.802528 -087.891333 13926
 33.481750 -085.406389 13927
 33.266833 -086.736194 13928
 32.905222 -087.666778 13929
 48.523194 -103.166667 13930
 35.218389 -111.113806 13933
 35.302428 -110.422794 13934
 32.012750 -105.706083 13938
 32.184194 -103.962306 13939
 32.194444 -103.849417 13940
 35.412167 -106.660528 13941
 35.347806 -107.040306 13942
 35.233611 -107.696278 13943
 32.219944 -103.563389 13945
 40.134444 -073.709083 13953
 40.230722 -073.699444 13954
 43.248942 -078.964903 13957
 44.073933 -082.219606 13958
 44.506889 -083.924722 13959
 32.353778 -085.604722 13960
 32.568861 -085.812833 13961
 33.300944 -086.531250 13962
 31.588669 -084.874894 13963
 32.687444 -085.928139 13964
 29.645583 -083.090444 13968
 43.153361 -077.749333 13969
 43.159119 -076.768064 13970
 47.768694 -121.863361 13971
 45.369917 -119.818694 13972
 45.722167 -119.871972 13973
 45.753444 -119.876750 13984
 41.189000 -084.711750 13986
 41.531889 -121.218889 13989
 41.002556 -120.794556 13990
 40.878528 -120.696278 13991
 41.094250 -083.778861 13993
 40.963306 -082.869222 13994
 40.926528 -082.622944 13995
 40.882361 -082.331917 13996
 40.841333 -082.066361 13997
 40.760306 -081.553917 13998
 41.234972 -083.732111 13999
 41.443556 -083.662333 14000
 41.439083 -083.675694 14001
-14.000000  000.000000 1400S
 31.444556 -096.042861 14013
 41.904972 -073.154083 14013
 42.263167 -073.215444 14014
 36.523028 -082.272500 14017
 38.359889 -088.146556 14023
 36.599472 -083.773667 14027
 37.062611 -083.691694 14028
 36.836333 -082.798389 14039
 36.887278 -082.884667 14040
 37.050500 -083.162667 14041
 36.657167 -082.496667 14051
 37.161333 -083.352722 14052
 40.593500 -072.973028 14057
 40.472361 -073.035333 14058
 40.220222 -073.164250 14060
 40.747250 -072.893583 14070
 37.518861 -089.384556 14072
 35.799361 -086.371472 14073
 37.470556 -089.126472 14074
 37.364722 -088.572389 14075
 40.958250 -083.823889 14083
 44.674556 -075.744500 14088
 32.738472 -093.261389 14089
-14.000000 -008.000000 1408W
 32.746139 -093.385611 14090
 33.508694 -092.645278 14091
 33.742806 -092.878833 14093
 32.003722 -092.671639 14094
 34.154722 -092.390111 14095
 33.436778 -092.470028 14096
 44.412778 -075.861444 14100
 44.749861 -075.710639 14102
 44.341000 -076.021639 14104
 41.406667 -070.415000 14106
 41.592583 -070.300806 14107
 41.517611 -070.764972 14108
 41.744806 -070.436278 14109
 42.015639 -068.941917 14110
 31.305611 -102.278722 14111
 31.292417 -102.178806 14112
 31.177056 -101.329639 14113
 31.042722 -100.391306 14114
 30.601806 -090.210500 14115
 30.730667 -089.771972 14116
 31.087444 -088.537139 14117
 31.252833 -088.194972 14118
 30.920944 -099.581361 14119
 30.836472 -099.039500 14120
 30.760278 -098.296806 14121
 30.694944 -097.466250 14122
 41.169611 -087.903000 14123
 41.459583 -087.916222 14124
 41.546000 -087.920194 14125
 41.593306 -087.922389 14126
 36.717639 -087.027889 14127
 37.275861 -087.363278 14128
 38.471694 -087.785056 14129
 38.809056 -087.799306 14130
 39.837556 -087.843611 14132
 40.003028 -087.850861 14133
 42.694944 -069.940667 14134
 43.395389 -069.838639 14135
 31.485000 -087.754250 14138
 41.436556 -121.141833 14141
 41.136889 -121.722722 14142
 40.833194 -121.721306 14143
 41.036778 -121.376139 14144
 40.847278 -121.486111 14145
 39.754278 -104.429361 14154
 33.257667 -111.874806 14155
 49.057778 -114.907778 14156
 48.962778 -114.688167 14157
 44.308639 -117.128361 14158
 48.672611 -114.028222 14166
 39.759194 -104.436167 14168
 40.059278 -103.619139 14169
 37.793361 -105.665528 14170
 38.364222 -105.469944 14171
 38.505639 -105.421028 14172
 38.794722 -105.254000 14174
 39.891583 -104.640694 14175
 39.912889 -104.642806 14176
 40.761111 -104.727250 14177
 38.672389 -104.480583 14178
 38.927528 -104.515389 14179
 41.646056 -104.507139 14180
 41.863389 -104.372889 14181
 41.320167 -108.350194 14182
 40.915028 -107.379556 14184
 40.787778 -107.081056 14185
 40.522083 -106.467194 14186
 40.438056 -106.275611 14187
 39.835306 -104.935278 14188
 39.039028 -103.871861 14189
 39.723972 -104.387472 14190
 39.856861 -104.822917 14194
 39.771361 -105.264611 14195
 39.660750 -104.300194 14196
 40.019222 -107.449444 14197
 39.738139 -104.406639 14198
 41.412500 -108.223056 14199
 41.071694 -106.778250 14201
 39.096583 -103.530500 14202
 38.918058 -103.291139 14203
 38.691083 -102.792028 14204
 40.436083 -109.132667 14205
 40.620528 -108.471528 14206
 40.714083 -108.130306 14207
 40.813056 -107.763639 14208
 41.519583 -105.012722 14209
 14.000000 -020.000000 1420N
 40.944222 -106.260361 14210
 40.628083 -105.378806 14211
 40.519944 -105.893806 14219
 39.752861 -104.696778 14220
 39.731306 -104.709806 14221
 39.677972 -104.741944 14222
 39.610306 -104.782639 14223
 38.792139 -105.267806 14224
 39.757278 -104.441278 14225
 39.743000 -104.384833 14226
 39.731083 -104.337917 14227
 39.625167 -103.924333 14228
 39.257417 -102.540028 14229
 39.201806 -102.337083 14230
 38.850556 -101.725694 14231
 38.425278 -101.264528 14232
 38.281861 -101.110639 14233
 39.823444 -104.525222 14234
 39.849500 -104.192639 14235
 39.882917 -103.747222 14236
 39.790750 -104.742667 14238
 39.774556 -104.803361 14239
 39.733139 -104.957944 14240
 39.606917 -105.423333 14241
 39.029944 -108.487556 14245
 38.977139 -107.963444 14246
 38.871333 -106.978611 14247
 38.918333 -101.799889 14249
 33.314444 -112.146583 14250
 33.273861 -111.952222 14251
 32.590167 -108.895417 14253
 32.549583 -108.725167 14254
 32.088083 -106.824972 14255
 32.020667 -106.550611 14256
 38.156444 -101.345806 14258
 39.703694 -104.726444 14266
 39.991083 -102.404944 14267
 40.130194 -102.571833 14268
 40.206861 -102.664194 14269
 40.342000 -102.827778 14270
 40.560833 -102.199806 14271
 42.235472 -099.210611 14272
 49.000000 -114.774000 14273
 48.999972 -114.935278 14274
 40.191361 -109.983639 14275
 40.366361 -109.378028 14276
 45.314472 -117.777639 14281
 45.314417 -117.777722 14282
 39.105167 -106.944222 14283
 38.736167 -107.536194 14284
 38.453972 -107.978083 14285
 38.103028 -108.500028 14286
 42.587556 -111.246000 14287
 42.292889 -109.876556 14288
 42.272667 -109.785778 14289
 41.949361 -108.382389 14290
 42.764361 -112.113444 14291
 41.802889 -107.774389 14292
 41.709056 -107.366000 14293
 42.713417 -111.859667 14306
 14.000000 -030.000000 1430N
 44.899222 -067.000000 14312
 43.950917 -119.069528 14318
 45.517444 -120.839389 14319
 45.741972 -121.120083 14320
 46.199528 -121.433389 14321
 47.040750 -122.024889 14323
 38.222417 -113.125083 14325
 38.338361 -113.306417 14326
 38.441583 -113.468750 14327
 38.506722 -113.571556 14328
 38.617528 -113.747306 14329
 38.910972 -114.217361 14330
 39.071139 -114.476889 14331
 39.695667 -115.193722 14332
 40.205889 -115.644278 14333
 40.622889 -116.018778 14334
 40.775611 -116.157389 14335
 40.842833 -116.218639 14336
 35.215111 -120.547361 14337
 35.175722 -120.324639 14338
 35.447833 -121.055222 14340
 34.393981 -106.696603 14341
 34.641250 -106.134861 14342
 34.886417 -105.568667 14343
 31.198583 -093.966250 14344
 37.280528 -085.357111 14346
 35.453556 -121.041556 14347
 30.499722 -091.137000 14351
 30.582361 -090.205167 14352
 30.629083 -089.641000 14353
 31.573722 -089.193417 14354
 30.879611 -089.523222 14355
 31.195917 -089.373583 14356
 29.840222 -090.151472 14357
 29.940472 -090.158667 14358
 30.728583 -090.215833 14359
 30.764306 -091.608333 14360
 28.807556 -088.007889 14361
 28.261694 -081.690056 14362
 28.455917 -081.252000 14365
 28.436500 -081.295972 14366
 29.621333 -081.691806 14367
 28.533528 -081.075556 14369
 28.595361 -081.090194 14370
 28.813278 -081.141861 14371
 26.091861 -080.262417 14372
 26.140028 -080.389333 14373
 43.361833 -115.133778 14375
 47.283750 -083.821444 14377
 39.542222 -111.613194 14379
 39.476611 -111.558972 14380
 39.173222 -111.309806 14382
 38.958861 -111.135333 14383
 38.723667 -110.945361 14384
 38.674444 -110.905778 14385
 38.542583 -110.800111 14386
 60.459583 -150.500472 14388
 60.718667 -152.034778 14389
 63.007861 -163.770556 14390
 36.886528 -121.596889 14392
 36.697444 -121.344778 14393
 36.984167 -121.594083 14394
 36.974194 -121.392361 14395
 36.926556 -120.510389 14396
 36.950806 -121.595056 14397
 36.856222 -121.263972 14398
 36.753000 -120.907250 14399
 36.853944 -121.597806 14400
 36.686583 -121.428694 14401
 35.848917 -120.596667 14402
 35.662611 -120.414778 14403
 35.748389 -120.108056 14404
 34.823000 -101.021111 14405
 34.580167 -100.627639 14408
 33.886500 -099.746111 14412
 34.182222 -100.077778 14413
 34.451333 -100.420583 14414
 33.580167 -100.579611 14415
 34.567972 -096.404472 14421
 35.195472 -096.106111 14422
 33.580361 -100.579722 14424
 36.442194 -094.941000 14426
 36.483333 -094.889444 14427
 36.848917 -094.429389 14428
 37.088528 -094.194583 14429
 37.704944 -093.581472 14430
 35.967778 -095.529889 14431
 36.196306 -095.247528 14432
 32.649028 -091.795556 14444
 32.608889 -091.868778 14445
 30.943583 -095.280889 14451
 31.273333 -095.258917 14452
 34.214639 -093.898056 14457
 31.887556 -097.961444 14458
 36.109056 -115.122333 14460
 36.098694 -115.098556 14461
 36.079639 -115.054944 14462
 36.105944 -077.434583 14474
 34.030222 -093.527194 14475
 31.605028 -089.550222 14476
 31.258694 -089.878917 14477
 45.999333 -092.779917 14507
 45.333028 -090.562278 14509
 40.217556 -123.987139 14510
 39.302056 -120.872278 14512
 39.237583 -121.201444 14513
 39.112667 -121.824278 14514
 35.447917 -121.055222 14517
 33.723472 -092.852889 14522
 33.807056 -092.343778 14524
 33.900583 -091.756972 14525
 42.077944 -094.520667 14527
 41.950667 -094.574028 14528
 41.672111 -094.689944 14529
 41.440306 -094.785639 14530
 41.165361 -094.898194 14531
 40.522278 -095.157667 14532
 40.382056 -095.213528 14533
 40.275750 -095.255750 14534
 40.197972 -095.286528 14535
 34.332222 -111.328000 14537
 34.327028 -111.331750 14538
 32.574944 -096.813306 14572
 34.107528 -096.680444 14573
 34.095750 -096.625806 14574
 34.039861 -096.368611 14575
 33.807139 -095.326444 14576
 33.792222 -095.261111 14577
 32.790250 -096.875139 14578
 32.952611 -096.883778 14579
 33.134694 -096.824556 14580
 33.625306 -096.663694 14581
 34.537861 -096.359389 14582
 34.977500 -096.210306 14583
 34.071889 -096.515639 14584
 35.198750 -096.134639 14585
 35.006139 -083.629528 14586
 34.141278 -083.379917 14587
 33.675806 -083.230333 14588
 32.741194 -082.910361 14589
 31.970389 -082.651694 14590
 32.588028 -085.831361 14591
 35.021528 -094.670278 14592
 30.303917 -097.625528 14593
 39.305444 -096.659083 14594
 58.458222 -160.013417 14600
 60.317333 -147.750444 14601
 55.287250 -162.840222 14602
 58.543833 -159.119222 14603
 59.793694 -150.985972 14605
 59.767194 -151.135722 14605
 60.118722 -149.048861 14606
 60.259778 -148.137139 14607
 34.659778 -087.686611 14609
 36.752611 -089.429583 14610
 38.862194 -119.638944 14612
 38.909861 -119.566194 14613
 39.158111 -119.184528 14614
 40.100611 -117.691722 14615
 38.239667 -119.623306 14616
 38.221056 -119.468389 14617
 30.723083 -102.302361 14618
 28.468333 -098.985833 14621
 28.501861 -098.226611 14622
 44.062389 -108.380250 14646
 42.954083 -109.355556 14647
 42.526333 -110.168778 14648
 42.390500 -110.320500 14649
 42.260000 -110.465417 14650
 42.160056 -110.575889 14651
 41.508750 -111.284472 14652
 35.031083 -113.328361 14653
 35.141139 -113.617528 14654
 34.956833 -113.134806 14655
 37.424417 -110.059333 14656
 36.614722 -112.368944 14657
 36.859528 -111.658278 14662
 39.260833 -112.881611 14663
 39.083306 -112.907833 14664
 38.690889 -112.965306 14665
 38.537806 -112.987556 14666
 33.543667 -114.000000 14667
 35.128333 -113.647111 14668
 35.018778 -113.411028 14669
 36.192500 -115.858472 14670
 35.882694 -115.414361 14671
 35.739833 -115.211500 14672
 35.359111 -114.515167 14673
 35.302528 -114.334194 14674
 35.103139 -113.705278 14675
 35.012500 -113.423694 14676
 33.453889 -112.829972 14680
 33.498722 -113.396139 14681
 34.941611 -113.245778 14682
 34.812389 -112.258833 14685
 34.769111 -112.190944 14686
 34.734083 -112.136139 14687
 34.938278 -109.564722 14688
 34.607000 -110.127361 14689
 34.915972 -109.883500 14690
 34.795889 -110.096528 14691
 34.778139 -110.050389 14692
 34.724694 -110.299028 14693
 35.632333 -089.870944 14694
 36.132639 -089.778667 14695
 36.556556 -089.699500 14696
 36.973917 -089.620722 14697
 36.819694 -089.336778 14698
 37.086667 -089.490722 14699
 31.515556 -087.807472 14701
 31.284056 -088.185167 14702
 32.242222 -086.597139 14703
 32.371083 -086.378417 14704
 32.653361 -085.894861 14705
 32.697917 -085.817972 14706
 32.692083 -092.548111 14707
 33.479889 -092.404306 14708
 33.506167 -092.399472 14709
 31.204083 -089.369694 14713
 31.064528 -088.253917 14714
 31.022194 -087.964083 14715
 30.974806 -087.645167 14716
 33.284444 -092.440222 14731
 33.196833 -092.456278 14732
 30.515028 -091.164083 14739
 39.847972 -090.940139 14741
 39.822417 -091.623833 14742
 34.725889 -113.103056 14743
 34.839417 -112.725000 14744
 34.915694 -112.468167 14745
 36.246972 -088.292389 14746
 37.236472 -117.262472 14750
 37.469722 -112.596194 14751
 31.482139 -095.746444 14754
 31.868250 -096.004250 14755
 32.566722 -096.810917 14756
 32.209250 -096.392306 14757
 32.691750 -096.575917 14758
 32.876833 -096.646861 14759
 32.993222 -096.691667 14760
 33.177167 -096.762722 14761
 33.244389 -096.788750 14762
 33.375722 -096.839750 14763
 33.515444 -096.894194 14764
 33.553750 -096.909139 14765
 34.821528 -112.784917 14766
 43.714583 -081.126222 14767
 43.985694 -081.940750 14768
 43.833417 -081.480167 14769
 39.955472 -102.685472 14773
 39.790917 -079.706000 14777
 41.002000 -119.820944 14778
 43.990333 -081.134556 14783
 44.312194 -080.412472 14784
 37.395333 -091.376750 14785
 37.571556 -091.322611 14786
 38.104944 -093.176389 14787
 37.830222 -091.242722 14788
 38.550250 -092.718444 14789
 38.596028 -091.002389 14790
 39.050861 -092.194528 14791
 37.010472 -091.494194 14792
 37.154778 -090.545833 14793
 37.571528 -090.659167 14794
 37.633333 -090.676083 14795
 37.748222 -090.707611 14796
 38.101972 -090.805333 14797
 36.137861 -091.755778 14798
 36.257778 -091.720250 14799
 35.533861 -090.116778 14800
 36.134194 -090.273556 14801
 36.124528 -090.271028 14802
 37.059889 -090.520222 14803
 38.622444 -090.950889 14804
 39.479139 -091.488472 14805
 39.954194 -080.502444 14806
 39.882194 -080.147417 14807
 68.501528 -156.782667 14808
 69.016472 -154.573944 14809
 32.883167 -096.901917 14811
 29.446944 -083.266861 14812
 30.730944 -083.984444 14813
 30.776806 -084.022528 14813
 30.695889 -083.750750 14814
 30.665000 -083.535194 14815
 29.040944 -082.597333 14816
 32.387056 -097.574250 14817
 32.113417 -097.236361 14818
 30.806139 -098.289972 14819
 30.818417 -097.441278 14820
 32.574306 -096.222639 14821
 32.865278 -096.226083 14822
 33.089750 -096.228750 14823
 28.860778 -080.791028 14835
 28.783528 -080.904444 14836
 28.908722 -080.685972 14851
 34.980528 -113.488194 14870
 33.466472 -114.000000 14871
 33.447750 -114.000000 14872
 42.263861 -112.078278 14873
 42.399667 -111.258889 14874
 42.481750 -110.743944 14875
 42.757250 -108.888222 14876
 42.987667 -107.139500 14877
 43.035028 -106.750806 14878
 42.563361 -110.215389 14879
 32.881778 -103.829694 14880
 31.087056 -101.090250 14881
 37.134528 -088.024278 14886
 37.254722 -088.189500 14887
 37.431889 -088.434500 14888
 37.538361 -088.582667 14889
 35.488667 -091.866694 14890
 36.142250 -090.894333 14891
 35.612306 -089.738000 14892
 35.523444 -089.525528 14893
 35.879250 -091.713167 14894
 36.158000 -091.268500 14895
 33.895917 -090.968139 14896
 36.129861 -088.969778 14897
 34.865472 -090.415250 14898
 36.133667 -089.255556 14899
 34.198944 -092.270694 14900
 36.171667 -091.597167 14901
 36.136389 -086.698917 14902
 36.139778 -086.688472 14903
 34.348861 -094.164222 14904
 35.335389 -089.080528 14905
 35.019694 -088.346500 14906
 35.120111 -095.000000 14907
 33.383194 -092.398944 14908
 31.878333 -091.181194 14909
 31.994417 -091.392056 14910
 36.412639 -081.119778 14912
 33.635306 -087.595583 14913
 27.950278 -082.710639 14914
 36.520278 -085.485778 14915
 37.618194 -088.096083 14916
 37.696000 -088.256611 14917
 37.481417 -087.815778 14918
 37.545111 -087.946000 14919
 28.102806 -083.137111 14958
 39.525694 -084.169111 14963
 39.944444 -083.722333 14964
 40.102667 -083.551583 14965
 40.305944 -083.315833 14966
 40.336917 -083.276361 14967
 40.365889 -083.239444 14968
 40.527778 -083.032194 14969
 38.690333 -085.018556 14970
 38.927444 -084.789417 14971
 40.480833 -083.822528 14972
 38.977417 -084.976750 14973
 38.988861 -084.896139 14974
 38.336000 -081.331861 14975
 38.430583 -081.367667 14976
 38.589500 -081.428028 14977
 38.698306 -081.469500 14978
 38.775417 -081.499000 14979
 39.157472 -081.646056 14980
 40.534361 -083.761028 14981
 39.559111 -082.153861 14982
 40.045556 -082.232472 14983
 40.323889 -082.277972 14984
 42.111389 -085.000000 14987
 41.748639 -080.060194 14988
 41.802778 -080.596528 14989
 41.795667 -080.606583 14990
 40.675639 -083.598083 14991
 40.570167 -082.328306 14992
 40.747028 -082.379806 14993
 41.168556 -082.503556 14995
 39.989611 -082.223389 14996
 35.340667 -114.495083 14998
 35.113250 -113.219639 14999
 48.380567 -123.162319 15001
 33.228028 -095.409389 15005
 31.338250 -096.327528 15007
 31.100639 -096.357861 15009
 31.299083 -096.431861 15010
 30.803972 -096.247806 15011
 30.678306 -096.201444 15012
 31.404833 -096.149500 15014
 31.296167 -096.439556 15016
 31.338222 -096.327583 15017
 31.086889 -096.359667 15018
 41.333694 -122.756528 15020
 41.174667 -121.854694 15021
 31.952861 -096.689306 15023
 32.179361 -096.775444 15024
 31.444556 -096.042861 15027
 41.002917 -120.069167 15028
 44.373194 -118.781222 15029
 44.971944 -118.275083 15030
 45.080222 -118.118833 15031
 45.314417 -117.777722 15032
 48.999950 -116.530961 15034
 31.404833 -096.149500 15035
 48.069944 -115.000000 15037
 47.794722 -115.000000 15038
 47.233889 -115.000000 15039
 45.341583 -116.437750 15040
 47.465972 -115.000000 15042
 32.172111 -098.150778 15043
 32.304222 -095.484389 15044
 32.165611 -097.593278 15045
 33.918750 -099.189000 15047
 33.784444 -098.701611 15048
 37.812344 -122.379747 15049
 33.718333 -098.464778 15050
 40.621889 -118.726889 15051
 40.335278 -118.153444 15052
 40.274472 -118.033167 15053
 39.277550 -119.671844 15054
 39.249111 -119.848944 15055
 34.922778 -100.278806 15056
 34.654722 -099.590778 15057
 37.488611 -121.878472 15058
 33.820944 -097.690139 15060
 37.867925 -120.618536 15061
 37.916333 -119.754508 15062
 38.024306 -117.215778 15064
 37.289722 -117.158778 15065
 33.987917 -099.501778 15066
 36.133417 -119.125667 15067
 35.913056 -119.314111 15068
 35.736556 -120.044722 15069
 35.749139 -120.119583 15070
 35.690861 -120.318750 15071
 35.664278 -120.409056 15072
 35.613000 -120.582611 15073
 35.592250 -120.652528 15074
 35.445111 -121.061778 15075
 33.575167 -098.194222 15078
 33.445694 -098.000472 15079
 33.352417 -097.861500 15080
 34.146639 -095.601389 15081
 33.833528 -095.236111 15082
 33.755611 -095.502056 15083
 37.938444 -117.142000 15085
 33.785389 -094.852000 15086
 33.447417 -096.048972 15087
 33.424889 -096.083944 15088
 33.329500 -096.231583 15089
 33.582278 -096.457750 15090
 33.538667 -096.503639 15091
 32.326167 -097.912750 15093
 31.738583 -097.992556 15094
 37.640667 -085.644722 15097
 26.397639 -080.951778 15099
 41.032417 -115.564833 15100
 26.049667 -079.976250 15103
 41.804250 -113.424083 15112
 41.536889 -112.435833 15114
 41.578889 -113.964139 15115
 41.267125 -112.603575 15119
 41.093861 -112.343611 15123
 37.445139 -112.281167 15126
 37.545111 -113.161222 15127
 37.660333 -113.577444 15128
 37.501039 -111.896375 15129
 45.649514 -110.910664 15135
 40.731306 -111.322778 15147
 40.648444 -111.435861 15148
 39.805889 -109.700083 15149
 40.118333 -109.157500 15150
 39.449583 -110.184000 15151
 38.446139 -109.983333 15152
 15.000000 -015.000000 1515N
 40.914739 -108.764083 15173
 40.940833 -108.956556 15174
 40.658389 -109.115167 15175
 44.665417 -106.166694 15178
 44.216361 -106.505278 15179
 44.187556 -106.573361 15180
 43.262639 -107.183194 15181
 43.085722 -107.155028 15182
 42.660639 -107.088028 15183
 42.523667 -107.341694 15184
 42.392667 -107.078667 15187
 41.724472 -107.865556 15188
 40.405000 -109.135111 15190
 15.000000 -020.000000 1520N
 38.085289 -111.127911 15254
 36.043194 -111.699750 15255
 35.802389 -109.636944 15256
 40.784889 -108.942611 15257
 15.000000 -025.000000 1525N
 35.977417 -108.571056 15263
 36.990000 -107.204861 15266
 36.160028 -107.648722 15267
 43.245161 -105.738358 15268
 41.987967 -104.736547 15269
 41.888050 -104.049281 15270
 41.876803 -104.741797 15271
 41.865056 -105.284417 15272
 41.734303 -104.215369 15273
 41.612278 -104.754250 15274
 41.593278 -104.822389 15275
 41.578642 -104.755800 15277
 41.536250 -105.025750 15278
 41.468250 -105.266167 15279
 37.819778 -122.587833 15280
 40.881872 -104.267061 15280
 36.943472 -104.311778 15286
 36.782472 -104.802000 15287
 36.717389 -105.893139 15288
 41.358528 -103.900972 15290
 39.883542 -102.644650 15295
 38.041556 -101.559778 15299
 37.775722 -102.049583 15301
 37.191944 -103.538611 15302
 37.072333 -103.913417 15303
 44.110333 -101.438444 15305
 38.804567 -101.302769 15306
 38.816000 -100.089472 15307
 38.341333 -100.998528 15308
 38.640306 -100.428917 15309
 15.000000 -030.000000 1530N
 42.530556 -099.456139 15310
 42.160472 -099.148667 15311
 41.338056 -099.030639 15312
 41.194750 -099.033611 15314
 41.008583 -099.037472 15315
 40.843278 -099.040889 15316
 39.636944 -098.884667 15318
 39.161083 -099.412083 15319
 15.000000 -031.000000 1531N
 39.024611 -099.681722 15320
 40.706500 -099.043694 15322
 15.000000 -032.000000 1532N
 35.007417 -119.429306 15334
 34.769667 -119.593083 15335
 34.426939 -118.674283 15340
 34.410161 -118.417275 15345
 34.257528 -118.590808 15347
 34.009389 -118.436806 15350
 34.007444 -118.393139 15351
 34.168028 -118.308889 15352
 34.039083 -118.201944 15353
 34.210722 -118.449528 15355
 34.223444 -118.574058 15356
 33.960972 -118.156889 15358
 33.929069 -118.138511 15359
 15.000000 -035.000000 1535N
 34.783222 -116.604833 15374
 34.783328 -115.329842 15399
 34.530617 -114.946136 15402
 33.761528 -115.751167 15404
 35.506767 -113.943033 15409
 35.400750 -112.440222 15411
 35.210000 -113.022611 15412
 35.113250 -113.219667 15413
 34.750314 -113.872222 15414
 33.543667 -114.000000 15416
 33.543725 -114.000769 15416
 32.775572 -114.000764 15417
 32.775556 -114.000000 15417
 34.011528 -118.470250 15418
 34.097194 -116.909389 15419
 35.415353 -113.773664 15421
 35.189397 -112.996908 15424
-15.000000  045.000000 1545S
 34.911139 -104.304778 15479
 32.925500 -103.818722 15488
 32.786833 -103.853472 15489
 32.384639 -103.908000 15490
 31.904994 -105.993944 15492
 31.853639 -103.580500 15496
 31.522139 -104.474306 15497
 31.612972 -103.211778 15498
 33.480083 -103.624444 15503
 34.480111 -102.467972 15507
 34.408361 -102.614139 15508
 34.370194 -102.691583 15509
-15.000000  050.000000 1550S
 36.552972 -101.791750 15510
 36.300667 -101.219833 15512
 36.222031 -101.245825 15514
 36.239611 -101.059167 15515
 36.092917 -100.676583 15517
 36.004222 -100.447417 15518
 35.444139 -100.000000 15527
 35.444214 -100.000389 15527
 35.328139 -100.003556 15528
-15.000000  052.000000 1552S
 34.574583 -101.751750 15533
 34.580194 -100.627611 15536
 35.441186 -104.080611 15537
-15.000000  053.000000 1553S
 31.032000 -100.419972 15544
 31.102750 -100.230083 15545
 31.204528 -099.955111 15546
 32.281317 -100.541131 15548
 34.448389 -101.761722 15551
 35.827583 -099.587111 15553
 35.827306 -099.539111 15554
 35.818778 -098.650694 15555
-15.000000  055.000000 1555S
 32.357328 -098.549692 15563
 31.390167 -098.449528 15564
 31.206583 -097.362444 15565
 31.202694 -096.897361 15566
 31.402786 -096.155686 15567
 31.440592 -096.054239 15568
 31.390800 -098.064250 15587
 35.530528 -095.000000 15610
 35.530539 -095.000231 15610
 35.516178 -095.000231 15611
 35.516361 -095.000000 15611
 34.073389 -094.131500 15615
 33.869547 -093.049556 15621
 31.543611 -094.727778 15625
 31.556333 -094.498056 15626
 31.563917 -094.357333 15627
 31.631944 -093.214306 15628
 32.283583 -091.843111 15629
 32.448614 -091.737067 15630
 32.506694 -091.753917 15631
 32.576000 -091.774264 15632
 32.405681 -093.892986 15634
 33.544944 -092.824917 15636
 33.744583 -092.881222 15637
 31.200111 -097.203000 15638
 33.495667 -092.548333 15640
 33.548861 -092.619194 15641
 33.554836 -092.627183 15642
 34.112325 -093.529986 15643
 44.714133 -097.723194 15673
 44.455550 -097.490603 15674
 44.269553 -097.324817 15675
 44.464111 -096.790944 15677
 44.179833 -094.032556 15689
 44.941389 -093.048389 15702
 44.596239 -093.630622 15712
 44.161603 -093.964758 15726
 43.684556 -084.027250 15747
 43.819825 -083.982764 15747
 43.677056 -084.101917 15748
 43.662722 -084.243056 15749
 43.168908 -097.573175 15757
 43.214567 -096.665569 15760
 43.519556 -095.905500 15761
 43.484361 -095.676444 15762
 49.001306 -093.708861 15788
 47.983472 -089.974056 15789
 47.824917 -089.054944 15790
 36.241806 -100.051389 15802
 36.277694 -100.091917 15803
 36.321675 -100.141656 15804
 37.079333 -100.269861 15806
 39.126925 -098.923417 15808
 38.638389 -099.608861 15809
 37.584961 -099.287944 15810
 37.436333 -098.893583 15811
 36.714211 -096.608858 15814
 38.287250 -095.574306 15828
 37.215889 -094.449225 15829
 36.521111 -094.265583 15830
 36.926942 -095.583753 15831
 38.765000 -092.151556 15832
 38.842500 -092.318611 15834
 38.177750 -092.158250 15839
 37.941694 -092.147778 15841
 37.553722 -092.042278 15844
 36.849917 -092.502833 15845
 36.767389 -092.999833 15846
 36.723056 -093.259972 15847
 36.601167 -093.872500 15849
 38.804722 -092.148917 15850
 38.757622 -091.970514 15853
 38.717611 -090.452000 15857
 38.615639 -090.430417 15860
 38.579139 -090.185694 15861
 37.980472 -091.165972 15864
 37.172583 -090.468056 15866
 37.253444 -090.111722 15867
 37.149972 -090.566889 15869
 39.629500 -088.138639 15870
 39.312250 -088.126250 15871
 39.023111 -088.115056 15872
 38.484694 -088.094694 15875
 39.313361 -089.312667 15876
 39.012861 -089.631389 15881
 38.631056 -089.111306 15883
 38.603492 -088.912364 15884
 38.459083 -088.535417 15885
 38.443500 -088.790472 15886
 38.228306 -088.201028 15888
 38.100222 -088.243139 15889
 37.856389 -088.291000 15891
 37.507694 -088.953500 15892
 37.417472 -089.371444 15893
 37.385306 -089.518500 15894
 37.337667 -089.734611 15895
 39.129250 -088.997556 15900
 38.453367 -097.663261 15901
 37.628361 -088.117028 15906
 37.327222 -087.502639 15908
 37.279514 -087.215522 15909
 37.292853 -086.582844 15914
 37.296583 -086.368250 15915
 37.256444 -086.088139 15916
 37.140356 -085.923778 15917
 36.100333 -087.649528 15934
 33.592639 -087.600639 15963
 33.314806 -087.635750 15964
 32.970167 -087.957333 15965
 32.784944 -087.884417 15966
 40.000000 -016.000000 15SNT
 32.357972 -088.310278 16041
 31.760500 -089.267056 16048
 33.983194 -087.554028 16049
 34.283064 -086.416678 16068
 31.608889 -086.368583 16089
 31.795194 -085.412722 16111
 31.839167 -085.180972 16117
 31.884194 -084.941194 16118
 31.999000 -084.317389 16119
 32.047028 -084.050778 16122
 32.412583 -082.738222 16153
 32.479583 -082.778944 16155
 32.471528 -082.800917 16156
 37.135611 -081.506444 16160
 37.013667 -082.041444 16162
 36.873278 -082.642639 16163
 36.750889 -083.154750 16164
 36.646583 -083.582722 16165
 36.539389 -084.015056 16166
 36.264417 -085.091167 16167
 37.238667 -081.044389 16170
 37.285889 -080.829528 16171
 37.331194 -080.632889 16172
 37.160167 -080.532194 16173
 37.074517 -080.481972 16174
 16.000000 -017.000000 1617N
 16.000000 -020.000000 1620N
 35.467442 -079.796869 16210
 34.926167 -080.106194 16212
 36.620333 -083.689306 16222
 36.325722 -084.855056 16223
 34.530556 -081.002722 16224
 31.549611 -086.664389 16225
 31.736250 -086.280000 16229
 29.359044 -082.892342 16242
 29.439575 -082.735669 16243
 29.366942 -082.402850 16244
 29.001733 -081.379119 16247
 29.002431 -080.991722 16249
 34.852806 -080.030556 16256
 34.641028 -079.628611 16257
 34.477639 -079.405028 16258
 34.442750 -078.804778 16259
 16.000000  025.000000 1625E
 34.216444 -078.438472 16260
 34.098056 -078.277778 16261
 29.084272 -083.422464 16262
 33.229797 -080.898125 16263
 28.207472 -082.052972 16279
 16.000000 -030.000000 1630N
 16.000000 -032.000000 1632N
 39.059333 -080.444917 16330
 39.169306 -080.225944 16331
 39.134900 -080.116081 16332
 38.882306 -080.518694 16334
 38.759222 -080.568222 16335
 38.448250 -080.632917 16337
 37.972528 -080.731806 16340
 37.921389 -080.742972 16341
 37.604528 -080.811861 16345
 37.411611 -080.809139 16346
 39.172306 -080.003917 16348
 39.244083 -079.769333 16349
 39.400444 -079.446333 16350
 39.498250 -079.124417 16351
 39.562117 -078.912106 16352
 39.588833 -078.822694 16353
 39.661250 -078.579111 16354
 39.666811 -078.560292 16355
 38.943106 -079.871597 16360
 38.621981 -078.190889 16364
 36.012917 -079.277417 16387
 35.924333 -079.425306 16388
 35.831639 -079.348583 16391
 34.951778 -079.606694 16397
 39.595806 -077.410500 16409
 39.069164 -076.455528 16427
 37.867364 -078.054553 16448
 37.837919 -077.864494 16457
 36.097194 -077.062556 16468
 36.126222 -076.904917 16469
 35.942806 -076.929611 16471
 39.850944 -077.917611 16478
 39.583611 -077.357889 16479
 39.863750 -077.641889 16480
 39.415361 -076.976722 16481
 39.388083 -076.641692 16482
 39.620972 -077.357667 16483
 39.468833 -077.191583 16486
 39.628972 -075.988167 16487
 39.390222 -076.472167 16491
 38.522547 -087.332264 16515
 38.536467 -087.023086 16516
 37.110447 -085.501492 16535
 38.163000 -086.010694 16541
 38.628481 -084.808419 16545
 39.935056 -086.246750 16553
 39.893500 -086.188361 16554
 39.842317 -086.116653 16555
 40.355981 -087.157203 16560
 40.729028 -084.281861 16566
 40.277547 -084.355028 16567
 37.482917 -084.718472 16588
 38.028286 -082.278642 16597
 38.386944 -083.553639 16600
 39.976783 -082.600161 16604
 40.390556 -082.931333 16610
 40.403000 -082.787972 16611
 40.851972 -084.261778 16613
 40.794139 -083.825889 16615
 40.675611 -083.598083 16616
 40.537028 -083.428644 16617
 40.519861 -083.371694 16618
 40.522111 -083.121417 16619
 40.536417 -082.894444 16620
 40.554944 -082.589806 16621
 40.574194 -082.257333 16622
 40.581250 -082.131556 16623
 40.586417 -082.037250 16624
 40.589417 -081.982139 16625
 40.598806 -081.782861 16626
 40.295806 -081.664139 16627
 40.218792 -081.634167 16628
 39.963472 -081.587972 16629
 39.883194 -081.573667 16630
 39.670083 -081.404056 16633
 39.580361 -081.241056 16634
 39.520778 -081.133250 16635
 39.468556 -081.039056 16637
 39.376639 -080.873944 16639
 39.360056 -080.888667 16640
 39.349250 -080.824944 16641
 39.216000 -081.836028 16643
 39.166667 -080.420972 16647
 38.976022 -081.817547 16648
 38.774417 -081.802139 16649
 38.902139 -081.291889 16650
 38.812361 -081.370194 16651
 38.820111 -081.279389 16652
 40.825306 -084.059250 16666
 38.399139 -081.215722 16667
 41.716908 -084.751008 16696
 41.077389 -084.224750 16698
 40.719581 -083.547203 16701
 40.923528 -083.309836 16707
-16.000000  070.000000 1670S
 40.772219 -083.486147 16715
 41.067358 -083.323256 16716
 40.975778 -083.248725 16725
 41.524347 -082.434358 16728
 41.532175 -082.290517 16730
 41.541592 -082.297489 16731
 41.921517 -083.164981 16734
 42.011294 -083.073475 16742
 42.151456 -082.929939 16752
 42.652919 -083.169681 16767
 42.655225 -083.290769 16769
 42.672003 -083.314908 16770
 43.370250 -082.234500 16776
 43.323389 -082.272050 16777
 43.202778 -082.319806 16778
 42.792639 -081.682111 16779
 42.753333 -081.324778 16780
 42.649583 -081.388444 16785
 40.577250 -077.978167 16792
 42.075539 -081.276219 16793
 41.476022 -081.755161 16802
 41.549903 -081.867525 16803
 41.578714 -081.592178 16805
 41.605489 -081.781717 16806
 41.487167 -081.354806 16807
 41.463706 -082.099925 16809
 41.439347 -082.037533 16810
 41.413489 -081.971472 16811
 41.388158 -081.906886 16812
 41.346553 -081.398722 16815
 41.500278 -080.863722 16817
 41.212222 -080.353278 16818
 41.020278 -080.653156 16820
 40.919139 -081.205242 16824
 40.923253 -080.755800 16825
 40.842917 -080.840472 16826
 40.779806 -081.207964 16827
 40.792944 -081.892361 16830
 40.162750 -080.939778 16831
 39.766028 -080.291889 16838
 42.865861 -079.642972 16844
 39.856556 -081.428089 16845
 42.723975 -078.239861 16853
 42.635142 -078.639303 16855
 42.434472 -079.793189 16858
 41.885000 -079.310797 16860
 41.555247 -079.943889 16862
 39.785306 -079.808139 16870
 39.936361 -077.844750 16872
 39.977278 -077.847028 16873
 40.312111 -077.865750 16874
 40.462417 -077.874222 16875
 40.595889 -077.916000 16876
 40.848614 -078.119592 16880
 40.930167 -078.077833 16881
 40.955028 -078.060528 16882
 40.995417 -078.032333 16883
 41.187500 -077.897861 16884
 41.241917 -077.859611 16885
 41.376528 -077.762139 16886
 41.473333 -077.691528 16887
 41.703806 -077.525806 16888
 41.749000 -077.498222 16889
 42.019278 -077.332361 16890
 42.093778 -077.286389 16891
 42.195083 -077.216194 16892
 42.244611 -077.167000 16893
 42.404278 -077.007778 16894
 42.654678 -077.300342 16896
 42.493611 -076.918250 16897
 42.701694 -076.720306 16898
 42.813222 -076.680444 16899
 42.945694 -076.699667 16900
 43.146444 -076.767778 16901
 43.255056 -076.773056 16902
 42.940667 -076.376361 16908
 42.650097 -076.601303 16909
 42.720222 -075.975944 16910
 42.430461 -076.769731 16911
 42.372378 -076.633861 16912
 42.938194 -076.145722 16913
 42.425694 -076.105361 16914
 42.939806 -076.289833 16915
 41.902056 -076.337639 16916
 41.749408 -076.456994 16917
 41.603222 -076.570639 16918
 41.329583 -077.690778 16921
 41.252389 -077.747500 16922
 41.173000 -077.805667 16924
 40.980194 -076.290667 16925
 40.967528 -076.183028 16926
 40.641500 -076.021833 16927
 40.329750 -076.183444 16929
 40.280528 -076.208833 16930
 42.241333 -075.895861 16936
 42.131056 -075.652528 16939
 42.166028 -075.729500 16941
 41.747919 -075.280564 16943
 41.911611 -075.158056 16946
 41.455744 -075.780831 16949
 41.205028 -074.853000 16958
 40.907833 -075.686583 16964
 41.055178 -075.042842 16965
 41.094122 -074.993644 16966
 40.785333 -075.946722 16967
 40.748556 -075.899250 16969
 40.558236 -075.350122 16975
 40.297083 -075.144833 16978
 41.738889 -074.951694 16979
 40.167167 -075.958361 16981
 40.090889 -075.870000 16982
 40.107472 -075.602083 16983
 40.159000 -074.355369 16988
 39.895472 -075.344772 16990
 39.768278 -075.418664 16992
 39.466194 -075.563694 16996
 39.408253 -075.090011 16997
 39.490197 -074.739467 16998
 30.840107 -105.380861 16DEL
 60.774260 -099.999245 16YYQ
 41.488472 -074.357889 17004
 40.858544 -073.806994 17006
 41.802389 -073.819861 17010
 40.857931 -073.378200 17028
 40.793444 -073.297556 17030
 40.317333 -073.048000 17042
 41.004439 -071.355461 17044
 40.957214 -071.898233 17045
 44.747111 -075.726778 17053
 44.987889 -074.900556 17054
 45.105806 -074.432333 17055
 45.022444 -074.288611 17057
 44.993444 -074.090333 17058
 45.009667 -073.621389 17064
 45.018556 -071.950861 17065
 43.228111 -073.332861 17069
 43.006472 -073.865278 17070
 43.003333 -073.721194 17071
 43.106667 -073.037611 17072
 42.937194 -072.379750 17073
 42.918108 -072.085108 17074
 42.778639 -073.388389 17075
 41.668306 -072.198278 17083
 45.016889 -071.522056 17085
 45.400278 -070.888306 17086
 42.074928 -071.695539 17096
 41.687042 -071.948739 17100
 46.215083 -070.218111 17101
 47.504067 -068.139258 17103
 46.133519 -068.323972 17104
 46.070750 -067.300528 17105
 45.698111 -067.789722 17106
 45.407833 -067.528972 17108
 45.341583 -067.454417 17109
 46.446086 -070.051989 17113
 45.015122 -073.190989 17114
 30.214333 -096.171278 17139
 29.658528 -095.588722 17159
 29.731444 -095.529500 17162
 31.827944 -090.994750 17171
 31.836222 -091.025306 17171
 31.649944 -090.344056 17172
 31.645722 -090.232722 17173
 31.641583 -090.125167 17174
 31.287194 -091.297972 17175
 30.192694 -089.654056 17196
 31.320889 -087.469639 17200
 31.346750 -087.514361 17201
 31.386722 -087.583556 17202
 31.454583 -087.701333 17203
 31.128472 -088.392028 17204
 30.852794 -088.070081 17205
 31.619806 -089.722667 17208
 31.583500 -089.303667 17209
 17.000000 -020.000000 1720N
 31.578722 -089.249528 17210
 31.558833 -089.027583 17211
 31.522139 -088.424306 17214
 42.408667 -097.412333 17232
 41.597797 -096.219072 17235
 41.469633 -096.074597 17236
 41.395800 -095.991706 17245
 40.005639 -096.269528 17250
 40.382833 -094.292944 17263
 40.426667 -094.049583 17264
 40.112722 -095.728139 17265
 40.074639 -095.922278 17266
 42.773917 -092.771444 17270
 42.759083 -092.431083 17271
 40.495583 -093.660306 17287
 40.600083 -092.963389 17288
 40.723722 -092.050861 17289
 43.169222 -091.282611 17291
 43.469222 -090.979972 17292
 43.619556 -090.827667 17293
 43.752278 -090.695750 17294
 44.083250 -090.363472 17296
 42.379417 -089.529083 17298
 42.029139 -089.693806 17300
 41.755056 -089.075564 17303
 17.000000 -030.000000 1730N
 41.250925 -090.173200 17316
 41.021389 -090.019222 17317
 40.616667 -091.235528 17320
 40.523847 -091.007222 17321
 40.303972 -090.473167 17323
 41.453450 -089.336533 17331
 40.001250 -089.524722 17336
 43.663556 -086.482306 17337
 43.633833 -085.846278 17339
 44.190111 -088.904194 17341
 44.134444 -088.632806 17342
 44.066056 -088.225778 17343
 44.103639 -088.484167 17344
 44.028250 -087.961889 17358
 44.335822 -088.097350 17358
 43.626917 -085.708389 17379
 17.000000 -037.000000 1737N
 43.365947 -085.000017 17381
 43.365972 -085.000000 17381
 43.111281 -085.000006 17383
 43.051614 -085.000006 17384
 42.975500 -085.000000 17385
 42.975392 -085.000003 17385
 42.821222 -085.000000 17386
 42.744306 -085.000000 17387
 42.665000 -085.000000 17388
 42.598139 -085.000000 17389
 43.047278 -085.670583 17390
 41.256114 -088.040106 17409
 41.243142 -088.269478 17410
 40.260167 -088.797639 17414
 40.352889 -089.014528 17415
 40.002306 -088.826778 17416
 40.001861 -088.641917 17417
 40.000556 -088.342972 17418
 40.000167 -088.276667 17421
 40.022142 -088.160294 17426
 40.004667 -087.445639 17427
 40.821000 -087.682694 17432
 40.001972 -086.341028 17436
 41.006394 -087.304444 17437
 41.530944 -087.988750 17440
 42.726694 -091.758167 17447
 42.186303 -087.812925 17464
 42.456889 -085.479250 17467
 42.447556 -085.000000 17468
 42.239722 -085.000000 17469
 42.134750 -085.000000 17470
 42.077833 -085.000000 17471
 42.019583 -085.000000 17472
 41.964306 -085.000000 17473
 42.123028 -085.741139 17477
 41.974739 -085.984033 17479
 42.398694 -085.498861 17482
 40.860653 -086.048103 17483
 41.756056 -085.806833 17484
 41.655778 -085.725917 17487
 41.820325 -084.860958 17488
 41.718797 -084.798567 17489
 41.496161 -084.885683 17490
 41.403436 -085.523786 17491
 41.344494 -084.808097 17492
 41.201917 -084.712472 17493
 41.171583 -084.710917 17494
 41.103250 -084.707417 17495
 40.972972 -084.700750 17496
 41.196333 -084.962833 17497
 41.209464 -085.099333 17498
 41.237111 -085.391611 17499
 41.254711 -085.609056 17500
 40.001583 -086.287028 17502
 40.000722 -086.180611 17505
 40.644306 -084.909833 17506
 40.717139 -084.749194 17507
 40.438222 -093.984944 17510
 40.000306 -089.699472 17512
 40.002056 -089.292583 17513
 43.285556 -091.165389 17514
 42.296417 -085.533222 17519
 40.232417 -095.105194 17523
 45.465528 -107.637556 17538
 37.885764 -111.382778 17548
 44.923114 -098.523956 17569
 44.159358 -096.715022 17573
 43.901603 -095.808903 17581
 43.074442 -083.363361 17628
 43.611111 -084.736750 17684
 37.856822 -091.364781 17688
 37.883372 -091.954661 17690
 33.891611 -081.801139 17694
 35.991908 -076.813142 17696
 36.164139 -076.697111 17697
 34.556361 -078.194467 17698
 31.739528 -085.702611 17713
 35.923806 -100.241139 17722
 30.767917 -087.700194 17726
 36.200000 -100.004222 17729
 41.745111 -080.273889 17736
 41.168028 -080.234583 17739
 41.132500 -080.232194 17740
 35.660514 -114.756169 17748
 41.398861 -093.520222 17758
 41.316861 -093.548472 17759
 40.716500 -093.523778 17760
 42.579944 -093.086694 17761
 41.747806 -093.433361 17762
 41.540528 -093.489222 17763
 41.444472 -093.506361 17764
 26.453056 -081.223111 17807
 41.002556 -120.794556 17853
 44.860806 -093.083250 17867
 31.622742 -086.418183 17878
 46.266944 -084.380528 17922
 46.429242 -084.668497 17923
 49.002750 -094.574778 17924
 26.330833  029.001667 17AST
 18.000000 -017.000000 1817N
 18.000000 -020.000000 1820N
 45.954278 -070.245250 18298
 46.025189 -068.362222 18300
 45.852361 -070.313944 18301
 46.743417 -115.000000 18303
 46.303972 -118.524083 18305
 44.791417 -102.059056 18307
 18.000000 -030.000000 1830N
 20.279389 -156.535750 18327
 20.250444 -156.278750 18328
 20.466667 -156.371361 18330
 20.234222 -155.048944 18337
 33.839083 -086.301639 18348
 40.950583 -088.222667 18367
 40.680561 -088.397969 18368
 40.201425 -086.623697 18372
 49.000056 -122.808972 18378
 48.999886 -122.808261 18378
 48.999836 -122.573414 18379
 45.199778 -117.945250 18381
 43.020389 -087.677417 18388
 62.557564 -144.453439 18422
 62.493417 -141.000000 18424
 60.743694 -148.771661 18428
 59.589583 -135.354917 18432
 59.672917 -135.222056 18433
 54.504722 -133.030250 18436
 54.518317 -131.657531 18437
 54.643642 -130.972181 18439
 64.710028 -152.645111 18446
 65.849361 -147.276250 18450
 65.540417 -146.133472 18453
 64.941450 -149.416739 18457
 65.838972 -164.744389 18468
 62.208372 -153.225097 18486
 62.471139 -141.000000 18495
 59.579853 -160.051725 18512
 58.728528 -157.677222 18514
 55.563944 -132.626222 18524
 54.644389 -130.968194 18527
 54.613617 -131.138717 18528
 54.519900 -131.648947 18530
 54.507972 -133.022111 18531
 64.911278 -155.294361 18535
 46.327692 -118.507675 18567
 30.790436 -088.212583 18569
 35.054306 -080.031556 18575
-18.000000  065.000000 1865S
-18.000000  070.000000 1870S
 37.265139 -121.556750 18715
 38.061583 -121.500833 18719
 36.770139 -119.447194 18731
 38.986028 -121.026083 18741
 38.286472 -121.814056 18754
 38.453028 -121.717806 18756
 34.008111 -117.673972 18802
 33.993389 -117.828306 18804
 34.052722 -118.836444 18835
 38.383889 -093.798806 18911
 38.582639 -092.499556 18912
 38.631972 -092.160389 18914
 38.664944 -091.929694 18915
 38.187444 -092.353444 18919
 38.343583 -092.165667 18920
 38.461167 -092.023528 18922
 38.572000 -091.888917 18923
 34.360056 -085.271889 18950
 34.289917 -085.742944 18951
 34.341833 -086.002167 18952
 34.200444 -085.303083 18953
 34.593333 -085.453167 18954
 32.607806 -085.055417 18962
 42.431167 -084.329861 19030
 42.584028 -084.214750 19031
 37.316861 -121.471889 19037
 43.011750 -113.334944 19040
 43.939278 -111.727722 19043
 43.625556 -085.681417 19045
 43.647611 -086.131639 19046
 46.180722 -089.118472 19048
 46.537664 -088.889806 19049
 44.268139 -085.235167 19052
 44.636083 -086.460056 19054
 46.137528 -084.155083 19055
 40.645722 -085.281194 19103
 38.966944 -088.112889 19104
 38.375092 -079.565156 19114
 39.123056 -086.798361 19117
 39.111822 -086.897478 19118
 39.517917 -086.011083 19120
 39.405267 -077.695833 19152
 39.447972 -077.719083 19157
 39.416317 -078.637181 19165
 39.451261 -078.572261 19166
 39.578425 -078.334758 19168
 31.961639 -084.522389 19198
 19.000000 -020.000000 1920N
 38.980903 -087.375517 19235
 40.826583 -075.330139 19241
 42.658750 -123.148972 19264
 42.706972 -123.053889 19265
 38.804611 -122.400528 19287
 39.067500 -122.375417 19288
 38.488361 -122.394306 19289
 37.959167 -122.203000 19290
 37.983611 -121.959639 19292
 38.010472 -121.686083 19293
 38.046917 -121.303528 19294
 19.000000 -030.000000 1930N
 37.944000 -121.706556 19323
 38.616639 -118.513222 19327
 38.022306 -121.288222 19328
 39.592333 -122.004500 19337
 39.617111 -121.984806 19338
 38.508667 -121.440667 19368
 37.883583 -120.351417 19369
 37.307472 -119.790472 19370
 38.252639 -120.769750 19371
 33.488333 -117.960444 19429
 34.462056 -117.693722 19450
 34.734694 -117.090417 19451
 33.303722 -117.880167 19488
 40.165528 -075.328444 19855
99
