# poi.dat v1.02
# The data included in this document is from www.openstreetmap.org. The data is made available under ODbL.
# Number of countries (ID =10) = 235
# Number of cities (ID=12) = 6596
# Number of towns (ID=13) = 56581
# Number of villages (ID=14) = 705597


# ID | LAT | LON | NAME


12 29.8320418 31.3647679 15 of May
12 15.7950826 -89.0401989 10+800
12 15.7909891 -89.0418189 10+300
13 51.6407057 -121.2970343 100 Mile House
13 15.7884804 -89.042666 10+000
13 15.7970488 -89.0397908 11+000
13 15.7424864 -89.0772321 1+000
13 15.7459834 -89.0762968 1+500
13 15.7464664 -89.0756052 1+600
13 15.7477194 -89.0743002 1+800
13 15.7486359 -89.0739864 1+900
13 15.7471441 -89.0750032 1+700
13 15.7942185 -89.0403767 10+700
13 15.7893322 -89.0423661 10+100
13 15.7978689 -89.0392751 11+100
13 15.7901684 -89.0420764 10+200
13 15.7917686 -89.041438 10+400
13 15.7925945 -89.0410357 10+500
13 15.7933892 -89.0406814 10+600
13 15.7960323 -89.039995 10+900
13 15.8119498 -89.0416797 12+800
13 15.8048899 -89.0403276 12+000
13 15.8033416 -89.0398341 11+800
13 15.8188056 -89.0427306 13+600
13 15.8179793 -89.0426877 13+500
13 15.8138697 -89.0420445 13+000
13 15.8205599 -89.0429237 13+800
13 15.808338 -89.0410357 12+400
13 15.80045 -89.0388889 11+400
13 15.8092658 -89.0412717 12+500
13 15.805716 -89.0405422 12+100
13 15.8065831 -89.0407138 12+200
13 15.8101333 -89.0413793 12+600
13 15.8011314 -89.0390605 11+500
13 15.8154812 -89.0423234 13+200
13 15.8025568 -89.0396088 11+700
13 15.8163483 -89.0424307 13+300
13 15.7987472 -89.0389919 11+200
13 15.8146348 -89.0421727 13+100
13 15.8221501 -89.0431603 14+000
13 15.7995836 -89.0388685 11+300
13 15.8129205 -89.0418943 12+900
13 15.8074709 -89.040907 12+300
13 15.8213856 -89.043053 13+900
13 15.8197128 -89.0428368 13+700
13 15.817154 -89.042516 13+400
13 15.8041262 -89.0401345 11+900
13 15.8018342 -89.0394103 11+600
13 15.8110006 -89.041551 12+700
13 15.8229757 -89.0433105 14+100
13 15.8238225 -89.0432689 14+194
13 15.7431477 -89.0768378 1+100
13 15.7455612 -89.0765237 1+400
13 15.7439124 -89.0766018 1+200
13 15.7448113 -89.0763679 1+300
14 44.2886733 26.0604259 1 Decembrie
14 14.6395721 120.9838181 120
14 14.642429 120.9846568 119
14 14.640506 120.9873226 118
14 14.6377485 120.9895835 130
14 14.637644 120.9914916 131
14 14.6386764 120.9899102 129
14 14.6398265 120.9902631 128
14 14.6412902 120.9908904 127
14 14.6430675 120.9918052 126
14 14.6447561 120.9919777 125
14 14.6461362 120.9923071 122
14 14.6478926 120.9927932 105
14 14.6498058 120.9943929 102
14 14.6504018 120.9930128 101
14 14.6449285 120.9901586 124
14 14.6449913 120.9887314 123
14 14.6464341 120.9894058 121
14 14.6492413 120.9903154 103
14 14.6501195 120.9844501 106
14 14.6500411 120.9859086 107
14 14.649994 120.9873514 108
14 14.6492256 120.9888255 104
14 14.6479082 120.9858458 109
14 14.6464654 120.987273 112
14 14.645054 120.9872102 116
14 14.6465595 120.9857831 111
14 14.6450854 120.9861281 115
14 14.6450854 120.9854381 114
14 14.646387 120.9843717 110
14 14.6436896 120.9846696 117
14 14.6489404 120.9745502 17
14 14.6467858 120.9747951 19
14 14.6490506 120.9704737 18
14 14.6500544 120.9695922 16
14 14.6499565 120.9730445 15
14 14.6487547 120.9645268 14
14 14.6538723 120.966192 12
14 14.6520311 120.9725551 13
14 14.6538182 120.9706868 11
14 14.6547253 120.9711877 10
14 14.6591639 120.9731748 1
14 14.659536 120.9908736 134
14 14.6596911 120.9924261 135
14 14.6608483 120.994762 137
14 14.6584505 120.9948106 136
14 14.6596332 120.997095 138
14 14.6596818 120.9987152 139
14 14.6629221 120.9956369 140
14 14.6628735 120.9981481 141
14 14.6629383 120.9924937 133
14 14.6633272 120.990906 132
14 14.6649635 120.9927368 142
14 14.6634082 120.993401 143
14 14.66404 120.9944865 144
14 14.6644937 120.9958475 146
14 14.6658384 120.9939681 145
14 14.665887 120.9959123 148
14 14.6674586 120.9957341 149
14 14.6664217 120.9972732 150
14 14.6683334 120.9978727 152
14 14.6671993 120.99878 153
14 14.6659919 120.9994637 154
14 14.6686218 120.9996293 155
14 14.6688294 121.001142 157
14 14.6643864 120.997436 147
14 14.6746712 121.0000668 161
14 14.6763595 121.0088173 159
14 14.6812341 121.0020613 160
14 14.6831129 121.0063131 162
14 14.6888909 121.0185191 164
14 14.6533423 120.9957999 100
14 14.7197233 121.0029712 165
14 14.7173285 121.0119089 166
14 14.7272891 121.0115914 167
14 14.7306764 121.0237027 169
14 14.7365724 121.018965 168
14 14.7516049 121.0160361 171
14 14.736819 121.0332406 170
14 14.7489896 121.0411907 172
14 14.7484293 121.0363734 173
14 14.7488461 121.0515065 177
14 14.7448064 121.0673368 178
14 14.7604396 121.0546594 174
14 14.7605053 121.0718362 180
14 14.7538054 121.0760073 179
14 14.7583705 121.0834955 183
14 14.7644465 121.0869111 181
14 14.7652347 121.0830685 184
14 14.7706866 121.0767955 185
14 14.7684204 121.0691431 186
14 14.7696356 121.0613265 188
14 14.764624 121.0607504 187
14 14.7750375 121.0441586 176
14 14.7622115 121.039742 175
14 14.6649919 120.9990677 151
14 14.6672206 121.001142 156
14 30.8216667 -110.3836667 16 de Septiembre (Los Nogales)
14 46.3597908 27.8094177 1 Decembrie
14 -34.4415725 -56.4433688 18 de Julio
14 -22.89012 -59.882348 10 Leguas (12 de Junio y Palo Blanco)
14 52.874571 58.5182456 1-е Туркменево
14 52.6289445 57.9676536 1-е Иткулово
14 -17.4108922 -65.054732 1º de Agosto
14 51.631539 36.10119 1-е Цветово
14 52.0151382 81.4865646 10 Лет Октября
14 51.7180673 81.8239722 12 Лет Октября
14 -4.0464041 121.684132 19 Nopember
14 59.8022011 40.4629164 17 км
14 -3.0025211 104.7503798 17 Ilir
14 -3.0053502 104.7651205 10 Ilir
14 -3.0041103 104.7581007 14 Ilir
14 -3.0027371 104.7634777 11 Ilir
14 -3.0012637 104.7833863 1 Ilir
14 -3.0258138 104.753341 1 Ulu
14 -3.0069835 104.7610332 13 Ilir
14 -3.049521 104.769246 15 Ulu
14 -3.0129826 104.7676235 11 Ulu
14 0.9274326 99.5018577 1
14 -3.0098375 104.7701268 12 Ulu
14 -3.0026026 104.7555283 15 Ilir
14 -3.0061682 104.7512045 18 Ilir
14 -3.0106752 104.7528044 19 Ilir
14 -33.6845368 -53.5547076 18 de Julio
14 -34.3617892 -54.0680026 19 de Abril
14 58.9564079 41.1299937 18 км
14 -4.0665995 -78.9531705 10 de Noviembre
14 -0.2639267 -79.1711826 13 de Abril
14 -3.3372365 -79.814367 13 de Mayo
14 -3.3323953 -79.8111913 11 de Julio
14 54.5047775 72.7242405 1-е Комиссаровское
14 51.8162623 36.477633 1-е Винниково
14 51.7191676 36.0896522 1-я Моква
14 52.3215287 36.25533 1-е Поныри
14 2.970417 101.6531884 16 Sierra
14 43.3213875 45.6564133 1-й Подгорный
14 51.4948718 37.1002699 1-е Засеймье
14 51.335679 35.8919856 1-й Липовец
14 51.4445655 35.8536193 1-я Гостомля
14 51.4909229 36.3480041 1-я Китаевка
14 51.6753484 37.5730753 1-е Подгородище
14 51.6276163 37.1336754 1-е Выгорное
14 42.9951598 133.0908089 151-й км
14 44.2311161 132.3185342 12-й км
14 67.7018093 -178.5588459 174-й км
14 16.6847356 102.9642957 14th Cavalry Regiment Village
14 23.19 57.2 15m_NaturalVue
14 42.8933522 74.5253397 110 kvartal j/m
14 25.7399165 -108.9351658 1ro de Mayo
14 -3.4754855 -80.236977 1RO DE MAYO
14 -3.4890984 -80.209307 1ERO DE OCTUBRE
14 -3.4777789 -80.2099829 16 DE JULIO
14 -3.480242 -80.225838 18 DE NOVIEMBRE
14 -3.4774148 -80.2150255 12 DE OCTUBRE
14 50.549976 55.984466 13 лет Казахстана
14 54.5926205 100.4686183 1-е Отделение Государственной Селекционной Станции
14 44.8912181 78.1281891 10 лет Казахстана
