I
600 Version - data cycle 2013.10, build 20131334, metadata FixXP700.  Copyright (c) 2013, Robin A. Peel (robin@x-plane.com). This data is free software; you can redistribute it and/or modify it under the terms of the GNU General Public License as published by the Free Software Foundation; either version 2 of the License, or (at your option) any later version.  This program is distributed in the hope that it will be useful, but WITHOUT ANY WARRANTY; without even the implied warranty of MERCHANTABILITY or FITNESS FOR A PARTICULAR PURPOSE.  See the GNU General Public License for more details.  You should have received a copy of the GNU General Public License along with this program ("AptNavGNULicence.txt"); if not, write to the Free Software Foundation, Inc., 59 Temple Place, Suite 330, Boston, MA 02111-1307, USA.

 31.701331 -106.376481 20075
 26.069578 -098.236150 20076
 25.862028 -097.435639 20077
 27.455936 -099.493236 20078
 30.738603 -088.166669 20096
 30.745214 -088.063525 20097
-20.000000  010.000000 2010S
 20.000000 -015.000000 2015N
 20.000000 -020.000000 2020N
 40.672994 -092.432656 20241
 20.000000 -025.000000 2025N
 20.000000 -027.000000 2027N
 20.000000 -028.000000 2028N
 20.000000 -029.000000 2029N
 32.727358 -091.818597 20302
 20.000000 -030.000000 2030N
 20.000000 -032.000000 2032N
 36.254928 -107.323128 20336
 32.326261 -082.392736 20360
 63.551758 -144.840044 20361
 42.554883 -119.035392 20376
 44.774119 -118.504086 20377
 40.282536 -076.279369 20388
 40.377814 -076.272367 20389
 40.425592 -076.268839 20390
 40.496000 -076.263422 20391
 40.681672 -076.249861 20392
 40.764281 -076.243722 20393
 40.972833 -076.228128 20394
 41.305192 -076.202764 20395
 41.422103 -076.193792 20396
 41.559103 -076.183208 20397
 41.579778 -076.181611 20398
 41.851667 -076.160472 20399
 59.589583 -135.354944 20422
 68.442683 -150.221578 20489
 43.412931 -073.323942 20545
 61.230889 -145.583944 20576
 45.064989 -095.169483 20603
-20.000000  060.000000 2060S
-20.000000  065.000000 2065S
 30.753047 -087.940244 20670
 37.389908 -089.497786 20671
 41.304586 -088.031078 20682
 41.360836 -088.425594 20685
 41.219167 -088.674111 20688
 41.519028 -088.628889 20690
 41.165283 -088.975772 20692
 41.198839 -088.999578 20693
 41.387617 -089.133861 20695
 41.751642 -089.199258 20697
 43.455831 -070.796336 20700
-20.000000  070.000000 2070S
 42.747175 -092.174592 20710
 44.169611 -089.478675 20711
 48.717153 -092.366275 20829
 48.938544 -093.248997 20830
 33.266067 -083.882903 20948
 39.264189 -095.936183 20949
 39.167011 -096.537583 20950
 38.517944 -095.567500 20951
 38.733453 -095.049383 20952
 39.482972 -093.564694 20954
 38.912417 -095.269917 20955
 45.483417 -115.000000 20967
 41.250878 -108.462436 20970
 43.978644 -115.597325 20971
 44.544078 -114.787111 20972
 44.416894 -114.028467 20973
 44.346475 -113.622328 20976
 42.992067 -090.880097 20977
 41.646908 -091.292881 20978
 42.113933 -085.585303 20979
 40.442500 -088.906222 20981
 40.675683 -085.100275 20983
 40.254117 -088.783517 20984
 40.001839 -088.620428 20987
 43.392917 -091.056917 20988
 42.183333 -085.550000 20989
 39.670642 -088.408356 20990
 34.308694 -078.565844 20996
 40.139544 -084.947131 20997
 40.403656 -085.022272 20999
 39.257919 -094.223028 21003
 38.547494 -089.976047 21005
 38.189661 -090.082442 21006
 38.068803 -090.118142 21007
 38.303317 -097.223917 21009
 38.094314 -097.359425 21010
 40.038528 -096.104778 21050
 37.627625 -097.702519 21053
 33.957222 -085.058139 21063
 33.613886 -084.956386 21064
 32.921019 -084.097717 21066
 46.873875 -110.085667 21074
 49.000000 -112.483833 21082
 46.615117 -110.614033 21091
 48.259825 -103.167128 21096
 47.431236 -103.167131 21097
 46.806067 -103.167122 21098
 45.549606 -103.167119 21099
 39.894311 -088.551339 21109
 21.000000 -020.000000 2120N
 42.906919 -092.454708 21277
 48.999986 -097.131892 21289
 40.707978 -078.005892 21297
 40.679008 -077.982531 21298
 40.706089 -077.983697 21299
 36.596358 -080.203522 21300
 36.311081 -080.039403 21301
 36.223106 -079.989036 21302
 36.143994 -079.917175 21303
 36.124856 -079.856867 21304
 35.996633 -079.752083 21305
 35.772497 -079.771114 21306
 44.151936 -093.928953 21307
 21.000000 -030.000000 2130N
 46.939239 -110.233008 21311
 49.000742 -095.056342 21403
 41.773175 -097.760192 21406
 30.667014 -081.371781 21408
 38.384894 -118.230456 21448
 42.517411 -104.609847 21472
 47.984050 -103.167131 21478
 42.089183 -103.830414 21479
 33.903489 -117.166589 21525
 34.092872 -117.138619 21526
 34.197422 -117.123092 21527
 40.050519 -089.868969 21528
 41.391917 -088.648111 21534
 38.589814 -076.555733 21538
 38.615122 -091.907817 21540
 46.724994 -119.661033 21542
 25.893556 -080.974250 21545
 29.914556 -095.594500 21552
 29.869139 -095.538556 21553
 40.751222 -097.672250 21565
 40.893222 -098.062444 21566
 37.428825 -094.245111 21567
 36.752719 -096.421222 21568
 36.875833 -096.563056 21569
 37.159028 -096.891833 21570
 37.687217 -096.543458 21571
 37.893467 -096.405869 21572
 39.375503 -074.846556 21591
 34.538100 -119.399561 21601
 34.563628 -119.054408 21602
 34.576767 -118.871511 21603
 34.585156 -118.752533 21604
 34.600625 -118.528611 21605
 34.431356 -119.310808 21606
 28.100931 -080.900531 21608
 39.769022 -080.278931 21612
 39.889603 -080.281511 21613
 32.653136 -091.796847 21639
 44.139306 -084.854722 21640
 37.278042 -087.276606 21643
 33.970833 -090.457139 21644
 36.067511 -090.142428 21645
 34.560381 -090.501489 21647
 35.570861 -086.782778 21648
 35.650733 -086.765358 21649
-21.000000  065.000000 2165S
 36.057503 -087.710686 21660
 36.095861 -087.755361 21661
 35.626350 -086.022736 21666
 35.758594 -086.198325 21668
 35.868786 -086.062572 21669
 35.982700 -085.921597 21670
 36.039419 -085.851206 21671
 39.785069 -077.011008 21705
 40.460658 -084.325447 21706
-21.000000  070.000000 2170S
 56.395203 -161.039817 21711
 37.364550 -089.613206 21754
 37.709217 -089.716547 21756
 38.215717 -089.979828 21757
 38.304550 -090.048414 21758
 38.548022 -090.237417 21759
 38.592133 -090.271808 21760
 38.721050 -090.372669 21761
 30.806806 -098.361583 21815
 31.390692 -097.933775 21816
 41.364833 -105.836442 21822
 40.515925 -105.408992 21824
 40.767647 -105.181119 21825
 41.953278 -072.022750 21853
 41.682750 -072.006778 21855
 43.183000 -073.222861 21856
 45.230403 -100.335467 21860
 31.468272 -097.854775 21868
 41.217872 -073.865747 21908
 21.203250 -155.121278 21909
 20.319444 -155.293306 21911
 36.601956 -093.869142 21913
 36.522622 -093.684331 21915
 30.517250 -098.924667 21986
 30.319142 -099.021489 21987
 49.007460 -109.735960 21YQL
 61.566959 -089.049881 21YZS
 40.294950 -076.750192 22041
 40.262756 -076.939722 22042
 40.297725 -077.101478 22043
 21.640694 -155.154472 22051
 30.819769 -088.238558 22060
 40.271819 -080.274753 22147
 45.848250 -091.833639 22167
 46.247611 -090.866056 22168
 43.546969 -106.014706 22169
 43.294244 -105.783056 22170
 43.460500 -105.372889 22171
 43.353639 -105.352694 22172
 44.545444 -105.582056 22173
 45.219722 -105.715611 22174
 44.564061 -106.196447 22175
 39.638553 -080.276103 22177
 39.759661 -080.278708 22178
 33.924567 -117.861586 22180
 34.086817 -117.428908 22185
 34.284447 -117.309711 22186
 33.673853 -118.153092 22187
 39.376322 -077.679989 22205
 39.367767 -077.528458 22206
 39.311075 -076.974394 22207
 34.745211 -116.610472 22209
 22.000000 -020.000000 2220N
 39.957150 -077.030394 22223
 26.682467 -099.023253 22237
 48.899147 -093.089328 22238
 36.602900 -093.871336 22239
 41.091697 -070.946447 22241
 31.431358 -102.622367 22271
 34.007400 -117.785556 22309
 33.853736 -117.782358 22310
 33.762656 -117.780442 22312
 43.851647 -119.137583 22314
 43.680286 -119.252861 22315
 43.411333 -119.217444 22316
 38.580586 -085.887358 22363
 38.421731 -085.783658 22364
 31.299317 -096.431942 22371
 29.429742 -095.773783 22372
 29.786833 -095.711389 22373
 29.541906 -096.034261 22374
 38.440067 -079.059614 22389
 22.054111 -156.689861 22393
 22.460333 -156.786111 22394
 33.192225 -086.706067 22417
 44.805889 -069.313528 22430
 46.700269 -082.556067 22483
 38.315347 -077.323508 22499
 48.409108 -091.192411 22590
 39.331253 -074.813747 22595
 37.378194 -119.786333 22603
 37.894917 -120.151028 22604
 38.429861 -120.534917 22605
 38.959722 -120.998111 22606
 38.977056 -121.016528 22607
 29.001900 -081.318561 22640
 28.555444 -081.620944 22642
 28.685189 -081.533406 22644
 28.402250 -081.282833 22645
 28.467778 -081.427083 22646
 40.954453 -079.441431 22647
 40.942144 -078.893114 22648
 40.919222 -078.085203 22649
 36.693394 -093.411214 22693
 57.666369 -135.683078 22711
 46.124000 -070.227611 22722
 46.168311 -070.087767 22723
 46.350394 -069.505250 22724
 34.075008 -118.004758 22770
 40.238633 -075.226478 22798
 41.200278 -075.472294 22800
 31.335489 -110.879028 22801
 31.335711 -110.855972 22802
 30.502611 -111.191056 22806
 40.921236 -074.600075 22807
 37.186136 -100.327172 22809
 37.469492 -098.981100 22810
 37.513461 -098.764425 22811
 37.712372 -097.755439 22812
 35.617472 -102.073667 22954
 39.766783 -078.220064 22958
 43.987908 -107.041836 22981
 43.598153 -107.237706 22982
 25.916383 -097.541361 22983
 43.254225 -095.809211 22984
 39.682711 -076.989286 22994
 45.000000 -014.000000 22SNT
 40.394853 -075.171422 23002
 40.329075 -075.320203 23003
 40.024381 -075.793192 23004
 39.930328 -075.903222 23005
 39.793356 -076.062722 23007
 40.544128 -075.150089 23009
 40.443269 -075.212561 23010
 40.339294 -075.376619 23011
 43.047194 -095.312997 23012
 34.515692 -116.808222 23080
 47.139375 -122.360369 23096
 47.145097 -122.439647 23097
 37.773333 -111.027222 23112
 37.500778 -112.717917 23113
 39.963131 -109.269311 23114
 38.872528 -109.983333 23115
 38.663250 -109.983333 23116
 38.406867 -111.284864 23119
 45.053889 -092.999583 23137
 44.825406 -093.716572 23139
 44.782881 -092.233542 23141
 42.355500 -107.004417 23194
 38.119775 -081.174717 23195
 37.134003 -081.513914 23196
 37.732533 -083.250897 23198
 37.306992 -084.807142 23200
 37.706361 -083.119000 23202
 37.654528 -082.859639 23203
 37.938742 -081.854481 23204
 37.137808 -081.506914 23205
 37.385169 -081.559883 23206
 37.899522 -081.671169 23207
 37.862303 -081.498744 23208
 37.970239 -082.002653 23209
 23.000000 -020.000000 2320N
 42.745861 -092.146611 23225
 42.526875 -092.053564 23226
 42.763647 -092.154203 23227
 42.848700 -092.190564 23228
 43.200497 -092.342064 23229
 26.781144 -080.454689 23240
 40.218056 -124.130289 23243
 40.217278 -123.959981 23244
 40.475472 -123.533333 23245
 35.850722 -097.831639 23246
 35.518944 -097.602372 23247
 35.487475 -097.518233 23248
 35.471250 -097.273194 23249
 35.860094 -096.067717 23250
 35.945417 -095.827056 23251
 35.967961 -095.529669 23252
 35.480861 -097.417667 23253
 36.071861 -095.550111 23259
 23.000000 -025.000000 2325N
 36.210556 -095.384361 23260
 36.315228 -095.099656 23261
 42.812528 -080.302753 23281
 45.871086 -067.530058 23282
 45.764647 -067.339606 23283
 45.612067 -067.068736 23284
 42.630836 -080.300444 23288
 30.878878 -102.260633 23306
 44.154247 -089.622872 23333
 43.610806 -084.652092 23340
 41.875222 -088.970758 23341
 41.798403 -081.481947 23353
 38.031461 -096.834442 23486
 31.837886 -080.870353 23502
 49.000317 -095.898908 23526
 34.764958 -080.417342 23539
 34.865650 -080.543092 23540
 33.348661 -080.513314 23563
 33.406575 -080.574422 23564
 38.595200 -092.162847 23566
 26.553972 -078.978028 23581
 33.273906 -111.952236 23583
 33.257178 -111.872611 23584
 32.604022 -108.953739 23585
 32.590178 -108.895414 23586
 32.549575 -108.725158 23587
 32.088092 -106.824964 23588
 32.020781 -106.550736 23589
 41.664281 -075.108753 23600
 41.706364 -075.024639 23601
 39.654922 -074.584903 23604
 39.653422 -074.746547 23632
 39.585867 -074.335922 23634
 39.523617 -074.138692 23635
 32.821139 -099.832036 23675
 32.803781 -099.453219 23676
 32.783589 -099.041486 23677
 48.991053 -093.463561 23709
 32.283786 -091.936158 23710
 36.004003 -086.023572 23734
 34.767750 -086.919389 23735
 36.084614 -086.480492 23739
 36.011839 -086.537131 23740
 34.357725 -081.421764 23752
 34.107161 -081.746828 23753
 33.866967 -081.849636 23754
 33.893606 -081.847664 23755
 33.750800 -081.848664 23756
 33.590108 -081.847306 23758
 33.245839 -081.844392 23759
 32.809606 -081.866167 23760
 32.393506 -082.099981 23761
 32.396781 -082.780636 23762
 32.156725 -083.413386 23763
 32.149392 -083.432581 23764
 40.650933 -074.345731 23767
 40.563408 -074.470319 23777
 40.539244 -074.104003 23778
 35.131653 -095.000233 23780
 36.716861 -111.602806 23790
 34.613242 -094.659333 23796
 34.539833 -094.543583 23797
 34.346861 -094.160250 23798
 34.186883 -093.843244 23799
 34.054439 -093.582958 23800
 33.989519 -093.339036 23801
 44.924517 -102.936447 23805
 29.809889 -095.465667 23806
 45.462406 -102.892275 23808
 47.486392 -102.120922 23809
 30.831044 -089.920992 23819
 48.999836 -122.507997 23837
 48.839603 -123.022133 23838
 48.999833 -122.765369 23839
 48.907075 -123.153278 23840
 31.525900 -095.038797 23841
 31.478481 -095.806067 23842
 32.441003 -095.456567 23843
 39.518444 -098.569333 23844
 39.617472 -098.121306 23845
 39.964500 -096.473667 23846
 39.110231 -099.002006 23848
 35.759603 -076.954117 23849
 35.767075 -076.979561 23850
 35.830131 -077.195322 23851
 35.956575 -076.836836 23852
 35.958103 -076.893367 23853
 35.958992 -076.927422 23854
 35.964683 -077.153764 23855
 35.842436 -077.237656 23856
 23.665811 -160.586628 23LIH
 29.002289 -081.132167 24066
 27.748194 -080.650611 24069
 27.913439 -080.643553 24071
 28.103181 -080.768417 24072
 24.000000 -020.000000 2420N
 38.512297 -087.549217 24399
 39.243567 -087.310350 24400
 39.273928 -087.197458 24401
 39.317042 -087.036400 24402
 39.028047 -086.682389 24403
 39.082597 -087.151872 24404
 38.191886 -086.933300 24405
 38.494550 -087.013281 24406
 39.844192 -075.651125 24417
 39.883497 -075.593150 24418
 40.207050 -075.131922 24420
 40.247022 -075.047114 24421
 40.275083 -075.025028 24422
 40.305578 -074.834356 24423
 40.291078 -074.785494 24425
 40.286192 -074.586683 24426
 40.292692 -074.465622 24427
 40.273414 -074.405425 24428
 40.177583 -074.415067 24430
 39.773197 -074.920025 24431
 36.158633 -080.831292 24433
 36.168078 -080.830125 24434
 35.702858 -080.050708 24435
 39.186489 -105.710200 24441
 39.180072 -105.680978 24442
 35.206811 -080.157142 24469
 35.210611 -079.927333 24470
 34.895833 -080.461750 24472
 34.991431 -080.202922 24473
 34.825236 -080.238089 24474
 34.920153 -080.218033 24475
 35.331336 -080.130556 24476
 32.108556 -083.648058 24479
 32.102278 -083.705311 24480
 32.182386 -083.697450 24481
 32.307242 -083.685150 24482
 32.125114 -083.496308 24483
 31.506681 -083.763339 24486
 30.204333 -083.166361 24487
 31.506306 -082.790083 24488
 43.567561 -086.642356 24489
 40.826464 -084.689708 24490
 36.494361 -085.479139 24491
 35.852619 -085.327664 24492
 35.734150 -085.301911 24493
 35.221486 -085.319847 24494
 35.123350 -085.363181 24495
 35.071628 -085.385986 24496
 34.930075 -085.448239 24498
 34.323036 -086.296536 24499
 34.267900 -086.400122 24500
 34.204900 -086.518017 24501
 34.100378 -086.917139 24502
 34.100297 -087.143314 24503
 39.061881 -082.147978 24516
 39.972722 -082.515194 24517
 40.711825 -084.321450 24518
 40.700853 -084.286450 24519
 40.583967 -083.916494 24520
 40.476192 -083.579817 24522
 36.363642 -085.445747 24534
 61.322617 -159.191942 24547
 35.595278 -071.106806 24550
 41.747022 -085.799408 24554
 41.753661 -085.792547 24555
 41.121958 -077.406117 24556
 41.117292 -077.370281 24557
 22.326167 -156.336806 24558
 62.732614 -163.512375 24559
 39.806333 -097.240556 24561
 45.129361 -092.391944 24565
 42.018944 -075.407111 24573
 41.573631 -076.309269 24574
 41.611686 -076.233222 24575
 41.639881 -076.176736 24576
 41.820964 -075.811522 24579
 41.913383 -075.623433 24580
 39.533728 -074.698714 24641
 39.529894 -074.470094 24642
 39.529367 -074.440619 24643
 38.339706 -085.855853 24645
 41.610583 -074.646000 24647
 34.476900 -083.909961 24680
 36.127331 -080.544086 24681
 40.338328 -074.631656 24789
 40.394494 -074.447761 24790
 41.013181 -074.668467 24791
 30.658889 -095.501083 24794
 33.750000  165.000000 247PQ
 40.290244 -075.015917 24800
 40.307692 -074.517292 24801
 43.032725 -078.126097 24802
 42.697167 -079.473769 24803
 42.793444 -079.567389 24804
 40.555294 -075.307983 24806
 40.935625 -074.651689 24807
 40.887703 -075.523517 24809
 41.289556 -075.475628 24810
 41.305756 -075.263761 24811
 40.692428 -075.425347 24815
 40.711872 -075.380042 24816
 40.780817 -075.218678 24817
 40.918236 -074.894528 24818
 40.969319 -074.773108 24819
 40.568075 -074.052111 24824
 40.542186 -074.567183 24827
 40.530408 -074.517181 24828
 40.517936 -074.464233 24829
 40.494686 -074.365925 24830
 40.428706 -075.631297 24833
 40.696128 -074.600128 24835
 40.776600 -074.498958 24837
 40.365436 -075.238061 24843
 40.386853 -075.301703 24845
 40.487792 -075.503294 24846
 40.739097 -074.953169 24847
 40.571292 -075.321650 24848
 40.397178 -075.699300 24850
 40.237981 -076.040633 24851
 44.751767 -093.512953 24861
 40.453733 -090.835883 24873
 40.155822 -090.737322 24874
 33.456997 -081.846167 24905
 59.501067 -160.727203 24907
 42.629353 -088.720361 24929
 40.446833 -073.552333 24943
 40.013458 -076.384156 24944
 40.372250 -073.465028 24950
 41.500814 -074.574464 24954
 41.589394 -074.780411 24955
 41.686919 -075.008858 24957
 41.697975 -075.034833 24958
 41.789031 -075.249889 24959
 41.930803 -075.587847 24961
 41.574500 -074.560556 24962
 41.625508 -074.550908 24965
 41.282531 -078.639356 24976
 41.198308 -078.489464 24977
 42.573292 -076.429992 24978
 42.541764 -076.359933 24979
 42.394500 -076.034944 24980
 41.791278 -075.949833 24982
 41.777075 -075.900444 24983
 41.623472 -075.373222 24985
 41.588806 -075.255694 24986
 41.311833 -074.716861 24988
 41.267917 -074.645417 24989
 41.105844 -074.172311 24990
 40.703569 -075.031531 24991
 40.469575 -074.603322 24992
 40.445464 -074.573989 24993
 40.418106 -074.540736 24994
 40.380189 -074.494736 24995
 40.342689 -074.449289 24996
 41.139567 -074.218561 24997
 41.299675 -074.439128 24998
 41.171761 -073.864911 24999
 55.087500 -008.569722 24DUB
-15.186667  028.825556 24VLS
 42.794250 -075.995667 25000
 41.933864 -075.210197 25001
 40.873292 -073.349728 25005
 41.103317 -073.480314 25007
 42.279853 -075.784442 25012
 42.169442 -075.545069 25013
 42.059336 -075.046886 25014
 41.282064 -074.416850 25030
 39.946683 -076.227806 25040
 39.828439 -075.953000 25041
 39.802386 -075.892719 25042
 39.848272 -075.998892 25044
 40.044014 -076.455936 25046
 39.974931 -076.293819 25047
 39.758222 -075.790889 25048
 41.419842 -074.387458 25069
 39.049167 -075.947967 25097
 39.277697 -074.603461 25104
 39.086250 -075.053511 25105
 39.582867 -074.270586 25106
 38.718644 -078.462644 25108
 38.898722 -078.298225 25109
-25.000000  010.000000 2510S
 39.128603 -078.086775 25110
 25.193500 -076.000000 25111
 39.527339 -074.331422 25112
 40.801931 -073.291894 25113
 39.816564 -074.012936 25114
 39.612547 -076.621331 25115
 39.857939 -076.021281 25116
 39.865133 -075.979114 25117
 41.566892 -075.181700 25118
 41.617503 -075.013083 25119
 41.632061 -074.964386 25120
 41.646861 -074.914806 25121
 41.678667 -074.807806 25122
 40.858572 -073.778158 25123
 41.291289 -073.249475 25124
 41.370583 -073.325667 25126
 41.889953 -073.653514 25128
 42.090506 -073.742319 25129
 41.655306 -073.669361 25130
 41.228206 -073.152664 25131
 41.405361 -073.226861 25132
 41.189264 -072.839347 25133
 41.378806 -072.663556 25134
 41.776833 -071.725083 25135
 41.999039 -072.025433 25136
 42.241758 -072.039908 25137
 42.273397 -072.041797 25138
 41.941869 -074.395233 25140
 41.568178 -073.195556 25141
 41.429261 -073.382203 25142
 41.852536 -073.416064 25143
 42.132978 -073.148717 25144
 42.259086 -073.590533 25145
 41.246761 -073.304339 25146
 41.778139 -072.394806 25147
 41.859125 -072.304272 25148
 41.950083 -072.202056 25150
 42.021917 -072.121139 25151
 42.231242 -075.678825 25152
 41.685878 -071.167572 25153
 41.983225 -075.104250 25154
 41.368986 -072.536144 25155
 41.082125 -072.965239 25157
 25.000000 -015.000000 2515N
 35.535231  149.995961 251PQ
 25.000000 -020.000000 2520N
 39.555642 -075.227628 25223
 39.601947 -075.186125 25224
 39.714253 -075.085228 25225
 38.766392 -075.889072 25226
 38.966111 -075.514311 25227
 39.980722 -074.970083 25228
 41.936581 -075.601736 25229
 41.670275 -075.532683 25230
 39.817006 -074.166331 25231
 40.660931 -075.125367 25234
 41.457042 -071.704897 25236
 41.443431 -071.742428 25237
 42.178167 -070.772417 25238
 42.553581 -073.437497 25239
 25.000000 -023.000000 2523N
 42.132233 -071.907767 25240
 42.251953 -071.951072 25241
 42.271397 -071.958128 25242
 41.047792 -073.178806 25243
 41.216556 -073.058028 25244
 41.875431 -072.298494 25245
 42.226342 -072.173383 25246
 42.057839 -074.171308 25248
 41.008792 -073.426533 25249
 42.284722 -074.744461 25250
 41.925414 -075.598819 25252
 39.717547 -076.298261 25253
 39.390158 -076.875419 25254
 39.067972 -075.514922 25255
 41.533183 -071.288686 25261
 38.740811 -076.261753 25262
 36.772203 -077.502314 25263
 39.739250 -075.393219 25264
 39.683933 -076.999647 25265
 41.250981 -073.714742 25268
 42.032644 -074.120947 25269
 41.208236 -072.991047 25271
 41.591544 -071.331606 25274
 41.516064 -087.158892 25283
 41.181347 -086.038439 25284
 25.000000  030.000000 2530E
 28.541139 -081.058617 25333
 28.551556 -081.034867 25334
 40.001464 -089.483989 25336
 40.227478 -088.766239 25337
 40.238617 -088.747458 25338
 27.950575 -082.710850 25339
 28.987361 -082.900833 25340
 27.950575 -082.692819 25341
 28.088072 -082.078167 25342
 27.950575 -082.676181 25343
 27.950575 -082.594764 25344
 28.783767 -080.904247 25345
 28.455917 -081.252000 25347
 28.436839 -081.295650 25348
 28.422583 -081.327528 25349
 28.272706 -081.665769 25350
 28.107350 -082.035275 25351
 27.950575 -082.643875 25352
 39.538206 -107.054603 25354
 39.821583 -106.934917 25355
 30.656206 -081.863469 25371
 30.705178 -081.811883 25372
 30.759178 -081.754911 25373
 33.476186 -098.864869 25401
 33.095867 -098.170183 25402
 33.353081 -098.291353 25403
 41.205589 -088.893353 25405
 41.484892 -089.003358 25408
 41.756194 -089.074592 25409
 41.755083 -089.074286 25410
 41.975167 -089.132514 25411
 41.006475 -087.727283 25412
 41.118919 -088.689150 25414
 41.112864 -088.567786 25415
 41.096197 -088.245914 25416
 41.086781 -088.071519 25417
 41.085225 -088.043381 25418
 41.075781 -087.744008 25419
 41.076808 -087.655617 25421
 30.800361 -096.250944 25448
 35.946322 -111.750292 25454
 35.691719 -079.777947 25490
 38.844794 -087.095536 25491
 39.124350 -105.428747 25554
 31.606372 -082.256067 25558
 40.275658 -084.410058 25564
 40.519739 -084.422589 25565
 40.664547 -084.430064 25566
 40.747131 -084.434342 25567
 40.875269 -084.440978 25568
 42.369417 -082.579833 25570
 42.486922 -081.928483 25571
 42.595417 -081.421333 25573
 42.004378 -084.371500 25574
 42.624481 -081.573331 25575
 41.436356 -082.744072 25576
 42.019322 -083.156228 25577
 41.540681 -082.506361 25578
 41.521161 -082.767158 25579
 41.451486 -082.107147 25580
 41.430542 -082.051117 25581
 41.407933 -081.990781 25582
 41.392611 -081.949889 25583
 41.350414 -081.618650 25584
 41.344664 -081.296994 25585
 41.519986 -081.913722 25586
 41.471928 -082.161956 25587
 41.460353 -081.809661 25588
 41.425028 -081.748167 25589
 42.307047 -080.896850 25591
 40.968992 -084.445867 25592
 41.136408 -084.454614 25593
 41.173408 -084.456558 25594
 41.482856 -084.472892 25595
 42.388583 -083.043889 25597
 42.452889 -083.144111 25598
 42.703278 -083.691028 25599
 41.585369 -082.028256 25600
 42.563008 -081.441128 25601
 41.846931 -081.501919 25602
 42.262700 -084.160172 25603
 42.940667 -083.785778 25604
 42.955000 -083.792778 25605
 42.973917 -083.802028 25606
 42.552756 -082.194164 25607
 42.574533 -082.017156 25608
 42.616228 -082.059467 25609
 42.857614 -082.305875 25611
 42.974750 -082.426386 25612
 42.945194 -082.437831 25613
 41.191164 -082.835600 25614
 43.248389 -078.822925 25615
 43.261778 -078.950167 25616
 43.288611 -082.280856 25617
 42.787547 -080.752217 25618
 42.794111 -079.303989 25619
 42.832444 -079.307769 25620
 42.913361 -079.315797 25621
 43.134081 -079.032958 25622
 42.950556 -079.054514 25623
 43.331275 -078.869094 25624
 43.375192 -078.817817 25625
 41.923561 -082.208208 25627
 41.347997 -081.477225 25628
 41.607600 -081.778494 25629
 41.503994 -081.657878 25630
 41.761717 -084.205361 25631
 41.449472 -081.594611 25632
 41.741842 -081.935611 25633
 42.944306 -082.394972 25634
 38.493028 -108.493750 25650
 40.549172 -088.764733 25653
 37.598750 -108.003556 25660
 30.677306 -096.204444 25674
 30.742081 -096.009592 25675
 30.847606 -095.689778 25676
 30.603533 -097.034347 25677
 41.339361 -073.199167 25678
 41.341083 -073.187972 25679
 30.262111 -096.201556 25681
 40.355981 -087.157203 25699
 40.005014 -087.162814 25701
 43.093342 -091.358856 25704
 38.660719 -090.737044 25705
 38.707939 -090.677125 25706
 38.578025 -090.422478 25707
 38.603022 -090.344864 25708
 38.619606 -090.293281 25709
 32.424836 -082.705914 25712
 32.485528 -082.762692 25713
 40.003792 -086.641114 25726
 40.000392 -088.210797 25727
 40.448789 -085.629419 25728
 40.002256 -087.976922 25729
 40.858572 -073.778158 25730
 40.858544 -073.806994 25731
 40.858583 -073.674722 25732
 40.858628 -073.722186 25733
 40.820431 -073.319839 25734
 40.266147 -075.980544 25812
 43.206472 -114.314944 25833
 31.315372 -096.389247 25838
 31.198792 -096.394411 25839
 27.398261 -080.665500 25841
 27.518869 -080.660389 25842
 27.835361 -080.646889 25843
 44.339628 -076.021842 25860
 44.397358 -075.868317 25861
 40.490744 -074.129558 25876
 40.511847 -078.600767 25969
 40.457764 -078.374233 25970
 40.359714 -077.968917 25971
 40.334717 -077.866744 25972
 40.241808 -077.215731 25973
 40.234503 -077.158700 25974
 40.225558 -077.089006 25975
 40.221867 -077.060394 25976
 40.213283 -076.994031 25977
 40.206644 -076.942750 25978
 40.187286 -076.794858 25979
 61.647325 -149.433361 25983
-15.616944  028.107778 25VLS
 39.227194 -093.748861 26019
 62.487442 -164.066278 26026
 62.763500 -163.541056 26027
 62.761167 -163.446917 26028
 63.007144 -163.769833 26029
 62.506944 -164.022778 26030
 61.781292 -160.999892 26031
 63.565786 -158.775867 26032
 62.032361 -163.437583 26033
 35.388419 -112.601956 26034
 42.179681 -085.647864 26050
-26.000000  006.000000 2606S
 42.208236 -085.242044 26088
-26.000000  010.000000 2610S
 26.000000 -020.000000 2620N
 26.801667 -080.976750 26227
 27.059583 -081.147972 26228
 27.617556 -081.814167 26229
 26.000000 -022.000000 2622N
 33.778794 -117.413014 26266
 45.995726 -067.386724 26267
 37.451111 -111.789083 26271
 49.000000 -122.572861 26286
 37.282583 -087.081417 26371
 36.683528 -085.527583 26376
 35.755500 -079.839611 26411
 35.674528 -079.801639 26412
 35.634722 -079.783000 26415
 41.705861 -070.297028 26433
 43.057472 -122.400944 26434
 38.486472 -088.094500 26463
 20.776556 -069.314000 26464
 21.395972 -068.535139 26465
 22.284861 -067.396889 26466
 20.702250 -066.980194 26471
 39.912500 -104.894750 26530
 39.982583 -104.150056 26531
 39.665750 -105.008472 26532
 40.073694 -105.094472 26533
 39.811083 -104.770667 26534
 39.879250 -104.850139 26535
 64.132861 -151.101278 26536
 40.140722 -103.942667 26537
 39.917778 -103.573861 26538
 39.927917 -105.134889 26539
 39.974333 -104.194889 26540
 39.670944 -105.011194 26541
 39.860833 -105.111361 26542
 40.224667 -105.052417 26543
 40.294444 -105.032917 26544
 40.510556 -104.972278 26545
 39.042250 -105.062167 26546
 39.597917 -105.993111 26554
 39.664917 -105.021611 26555
 40.516167 -105.432556 26594
 40.636500 -105.319556 26595
 40.514167 -105.250500 26596
 45.658278 -090.860583 26613
 46.091083 -090.500139 26614
 41.659389 -073.730694 26621
 41.700889 -073.747139 26622
 41.797333 -073.785444 26628
 26.431694 -130.405972 26658
 45.956556 -099.267028 26688
 45.299528 -099.650361 26689
 41.849861 -088.551417 26709
 41.873694 -072.287889 26711
 26.597056 -081.154972 26758
 26.583750 -081.279972 26781
 25.973778 -080.224833 26782
 55.549972 -163.660667 26799
 28.652417 -088.006000 26816
 27.877667 -084.982583 26829
 41.732500 -085.027417 26830
 41.501944 -085.080944 26831
 41.365694 -085.038833 26832
 41.314806 -084.839194 26833
 26.573889 -080.832889 26907
 59.388167 -160.635083 26982
 46.161778 -093.430222 27098
 43.894278 -069.954278 27115
 30.128528 -090.172222 27167
 27.000000 -020.000000 2720N
 27.000000 -023.000000 2723N
 27.463972 -080.718944 27316
 27.000000  035.000000 2735E
 40.303361 -123.681472 27362
 35.420000 -081.943528 27368
 30.016583 -098.193667 27403
 38.705361 -095.561972 27486
 60.259778 -148.137139 27515
 60.118722 -149.048861 27516
 56.805278 -161.180639 27522
 58.723444 -158.899000 27523
 59.171917 -157.766417 27551
 66.758972 -148.176083 27552
 36.404028 -084.550417 27553
 36.297667 -084.624056 27554
 36.356694 -084.735000 27555
 46.465000 -088.939194 27556
 46.422028 -088.276833 27557
 60.887944 -161.790111 27578
 60.795056 -161.820917 27579
 62.453944 -161.241833 27580
 62.684944 -161.156000 27581
 63.761556 -160.737250 27582
 63.887639 -160.686083 27583
 60.812500 -161.815139 27584
 61.840806 -161.463250 27585
 33.862944 -096.682083 27649
 32.700750 -093.298750 27655
 33.722917 -097.175361 27656
 32.216306 -093.764278 27657
 29.500306 -082.317889 27887
 29.680806 -082.369333 27888
 29.761194 -082.392333 27889
-14.973056  028.707500 27VLS
-28.000000  000.000000 2800S
-28.000000  005.000000 2805S
-28.000000 -005.000000 2805W
-28.000000  010.000000 2810S
 46.392000 -084.558750 28186
 28.000000 -020.000000 2820N
 28.000000 -022.000000 2822N
 26.458528 -097.692167 28254
 63.007139 -163.769861 28516
 46.678111 -112.431194 28535
 64.132861 -151.101278 28536
 68.052667 -155.257361 28537
 62.768083 -156.206583 28538
 62.015528 -165.094306 28539
 63.772861 -160.992194 28540
 65.140944 -151.708389 28541
 62.299111 -165.918889 28542
 62.995833 -165.717667 28543
 65.817639 -156.778528 28544
 65.113611 -149.588750 28545
 65.541889 -151.963333 28546
 66.261250 -156.779139 28547
 66.915194 -151.545806 28548
 69.151028 -153.958222 28549
 79.419167 -155.576528 28550
 66.961361 -152.935333 28551
 67.088028 -156.780306 28552
 70.453944 -156.786361 28553
 70.429222 -155.898306 28554
 69.016917 -154.572583 28555
 60.501556 -156.782806 28556
 64.941444 -149.416694 28557
 29.000000 -020.000000 2920N
 62.299111 -165.918889 29542
 26.166666 -170.000000 29SOK
99
