I
600 Version - data cycle 201610, build 20161559, metadata FixXP700.  Copyright 251 2016, Robin A. Peel (robin@x-plane.com).   This data is free software; you can redistribute it and/or modify it under the terms of the GNU General Public License as published by the Free Software Foundation; either version 2 of the License, or (at your option) any later version.  This program is distributed in the hope that it will be useful, but WITHOUT ANY WARRANTY; without even the implied warranty of MERCHANTABILITY or FITNESS FOR A PARTICULAR PURPOSE.  See the GNU General Public License for more details.  You should have received a copy of the GNU General Public License along with this program ("AptNavGNULicence.txt"); if not, write to the Free Software Foundation, Inc., 59 Temple Place, Suite 330, Boston, MA 02111-1307, USA.

 31.710194 -106.367222 20075
 26.068833 -098.235028 20076
 25.861972 -097.435583 20077
 27.454611 -099.507861 20078
 30.738603 -088.166669 20096
 30.745214 -088.063525 20097
 42.489750 -073.807806 20109
-20.000000  010.000000 2010S
 42.483083 -074.344444 20110
 42.470944 -075.027917 20111
 20.000000 -015.000000 2015N
 38.885556 -122.886889 20198
 38.722500 -122.514611 20199
 38.560556 -122.149250 20200
 38.815861 -121.670194 20202
 20.000000 -020.000000 2020N
 40.672944 -092.432667 20241
 20.000000 -025.000000 2025N
 20.000000 -027.000000 2027N
 20.000000 -028.000000 2028N
 20.000000 -029.000000 2029N
 32.727389 -091.818528 20302
 20.000000 -030.000000 2030N
 20.000000 -032.000000 2032N
 36.254806 -107.322833 20336
 32.326261 -082.392736 20360
 63.551758 -144.840044 20361
 42.554917 -119.034389 20376
 44.774250 -118.503028 20377
 40.282536 -076.279369 20388
 40.377814 -076.272367 20389
 40.425667 -076.268861 20390
 40.495972 -076.263444 20391
 40.681694 -076.249889 20392
 40.764306 -076.243722 20393
 40.972861 -076.228139 20394
 41.305192 -076.202764 20395
 41.422103 -076.193792 20396
 41.559056 -076.183222 20397
 41.579778 -076.181611 20398
 41.851667 -076.160472 20399
 32.471528 -082.800917 20423
 68.442683 -150.221578 20489
 34.429528 -119.999278 20507
 43.412917 -073.323972 20545
 61.230889 -145.583944 20576
 45.064989 -095.169483 20603
-20.000000  060.000000 2060S
 33.623611 -115.912917 20656
 33.780361 -115.867222 20658
 33.725250 -115.529778 20659
-20.000000  065.000000 2065S
 30.753028 -087.940083 20670
 37.389861 -089.497722 20671
 41.304586 -088.031078 20682
 41.360833 -088.425611 20685
 41.219167 -088.674139 20688
 41.519028 -088.628944 20690
 41.165283 -088.975772 20692
 41.198839 -088.999578 20693
 41.387617 -089.133861 20695
 41.751642 -089.199258 20697
 43.455806 -070.796361 20700
-20.000000  070.000000 2070S
 42.747194 -092.174556 20710
 44.169444 -089.478639 20711
 25.977889 -083.820556 20791
 48.717222 -092.366000 20829
 48.938639 -093.249000 20830
 38.496139 -122.553972 20840
 38.598917 -122.685583 20841
 38.792889 -122.935583 20842
 38.193472 -086.237528 20848
 33.717917 -115.885444 20857
 34.026889 -118.748611 20927
 33.989972 -118.308806 20928
 33.969611 -118.161861 20929
 37.592056 -122.028444 20937
 37.648389 -121.956667 20938
 40.072528 -075.614806 20945
 34.011028 -118.470000 20946
 33.268361 -083.883833 20948
 39.264189 -095.936183 20949
 39.167056 -096.537667 20950
 38.517917 -095.567556 20951
 38.733453 -095.049383 20952
 39.482944 -093.564722 20954
 38.912389 -095.269944 20955
 36.016556 -115.160917 20963
 36.058278 -115.526972 20964
 36.021611 -115.235083 20965
 45.483417 -115.000000 20967
 41.250694 -108.462139 20970
 43.978639 -115.597306 20971
 44.544083 -114.787139 20972
 44.416861 -114.028472 20973
 44.346472 -113.622361 20976
 42.992067 -090.880097 20977
 41.646908 -091.292881 20978
 42.113933 -085.585303 20979
 40.437889 -088.903222 20981
 40.619389 -085.084083 20983
 40.254139 -088.783556 20984
 40.001806 -088.620417 20987
 43.392944 -091.056889 20988
 42.183333 -085.550000 20989
 39.670642 -088.408356 20990
 34.308833 -078.564389 20996
 40.139544 -084.947167 20997
 40.403656 -085.022272 20999
 39.257919 -094.223028 21003
 38.547417 -089.976056 21005
 38.189667 -090.082417 21006
 38.068803 -090.118142 21007
 38.303317 -097.223917 21009
 38.094306 -097.359444 21010
 25.675833 -079.000000 21028
 40.038528 -096.104778 21050
 37.627667 -097.702528 21053
 33.957222 -085.058139 21063
 33.613889 -084.956417 21064
 32.921000 -084.097717 21066
 46.873875 -110.085667 21074
 49.000000 -112.483833 21082
 46.615117 -110.614033 21091
 48.259778 -103.166667 21096
 47.430444 -103.166667 21097
 46.806139 -103.166667 21098
 45.549472 -103.166667 21099
 39.894311 -088.551339 21109
 21.000000 -020.000000 2120N
 42.906917 -092.454694 21277
 48.999986 -097.131892 21289
 40.707978 -078.005892 21297
 40.678583 -077.982500 21298
 40.706089 -077.983697 21299
 36.596167 -080.203722 21300
 36.310972 -080.039639 21301
 36.222472 -079.989000 21302
 36.143806 -079.917278 21303
 36.124722 -079.857083 21304
 35.996694 -079.752306 21305
 35.772417 -079.771361 21306
 44.152000 -093.928944 21307
 21.000000 -030.000000 2130N
 46.939239 -110.233028 21311
 32.816528 -113.688194 21317
 33.281667 -112.772444 21318
 33.191806 -113.181861 21319
 38.062861 -122.373306 21320
 38.031389 -122.237306 21322
 46.040333 -119.956333 21336
 46.273694 -120.674444 21338
 46.322472 -120.827167 21339
 46.371111 -120.980278 21340
 49.000750 -095.056361 21403
 41.773175 -097.760192 21406
 30.667014 -081.371781 21408
 37.624917 -118.498556 21441
 38.384917 -118.230456 21448
 42.517411 -104.609847 21472
 47.983694 -103.166667 21478
 42.089194 -103.830444 21479
 46.141583 -120.265444 21521
 33.903472 -117.166611 21525
 34.092889 -117.138619 21526
 34.197417 -117.123111 21527
 40.155556 -090.117889 21528
 40.050519 -089.868969 21528
 41.391917 -088.648111 21534
 38.589814 -076.555733 21538
 38.615122 -091.907817 21540
 46.726028 -119.660306 21542
 25.893556 -080.974250 21545
 29.787389 -095.717278 21549
 29.914556 -095.594500 21552
 29.869139 -095.538556 21553
 39.070222 -122.125639 21558
 39.006028 -122.118833 21559
 40.751222 -097.672250 21565
 40.893222 -098.062444 21566
 37.428825 -094.245111 21567
 36.752806 -096.421333 21568
 36.875833 -096.563083 21569
 37.159056 -096.891889 21570
 37.687217 -096.543458 21571
 37.893467 -096.405869 21572
 39.375503 -074.846556 21591
 34.538111 -119.399583 21601
 34.563628 -119.054389 21602
 34.576767 -118.871511 21603
 34.585139 -118.752528 21604
 34.600611 -118.528611 21605
 34.431356 -119.310808 21606
 28.100931 -080.900531 21608
 39.768972 -080.278944 21612
 39.889639 -080.281556 21613
 32.653167 -091.796778 21639
 44.139278 -084.854722 21640
 37.278000 -087.276611 21643
 33.970833 -090.457139 21644
 36.067472 -090.142417 21645
 34.560381 -090.501489 21647
 35.570861 -086.782778 21648
 35.651667 -086.768889 21649
-21.000000  065.000000 2165S
 36.057500 -087.710750 21660
 36.095833 -087.755389 21661
 35.627833 -086.012944 21666
 35.764139 -086.191500 21668
 35.868786 -086.062572 21669
 35.982700 -085.921597 21670
 36.039419 -085.851206 21671
 39.785069 -077.011008 21705
 40.460694 -084.325472 21706
-21.000000  070.000000 2170S
 56.395203 -161.039817 21711
 36.718778 -121.957750 21722
 36.941028 -122.015778 21737
 37.364500 -089.613194 21754
 37.709250 -089.716556 21756
 38.215694 -089.979806 21757
 38.304528 -090.048389 21758
 38.548000 -090.237389 21759
 38.592028 -090.271722 21760
 38.720972 -090.372583 21761
 38.592639 -091.863778 21773
 30.806806 -098.361556 21815
 31.390556 -097.954972 21816
 41.364833 -105.836442 21822
 40.515925 -105.408992 21824
 40.767647 -105.181119 21825
 23.235556 -155.689361 21845
 22.537972 -156.186944 21846
 41.953278 -072.022750 21853
 41.682750 -072.006778 21855
 43.183000 -073.222861 21856
 45.230389 -100.335444 21860
 31.468272 -097.854775 21868
 41.217806 -073.866167 21908
 21.203250 -155.121278 21909
 20.319444 -155.293306 21911
 36.601889 -093.868972 21913
 36.522622 -093.684331 21915
 33.460194 -117.934278 21937
 34.003667 -118.308000 21945
 34.057694 -118.212694 21946
 34.110278 -118.119722 21947
 34.249556 -117.872306 21948
 34.411111 -117.583139 21949
 34.746361 -116.975444 21950
 37.967000 -121.976722 21951
 30.517278 -098.924667 21986
 30.319194 -099.021583 21987
 38.086111 -122.145306 21993
 38.104500 -122.190083 21994
 37.604583 -122.014361 21995
 37.675139 -121.925028 21996
 49.007460 -109.735960 21YQL
 61.566959 -089.049881 21YZS
 38.046917 -121.303528 22000
 39.068583 -122.282694 22001
 39.107556 -122.259417 22002
 39.526472 -122.007389 22003
 39.588333 -121.969889 22004
 33.067889 -116.483278 22027
 40.294950 -076.750192 22041
 40.262756 -076.939722 22042
 40.297725 -077.101478 22043
 21.640694 -155.154472 22051
 30.819750 -088.238556 22060
 19.352583 -066.931528 22073
 34.328361 -119.902139 22116
 33.852944 -118.329000 22117
 40.271806 -080.274722 22147
 38.054667 -086.240778 22156
 45.848250 -091.833639 22167
 46.247639 -090.866056 22168
 43.546969 -106.014706 22169
 43.294244 -105.783056 22170
 43.460500 -105.372861 22171
 43.353639 -105.352667 22172
 44.545417 -105.582028 22173
 45.219722 -105.715583 22174
 44.563889 -106.195917 22175
 39.638553 -080.276103 22177
 39.759694 -080.278750 22178
 33.924556 -117.861639 22180
 34.086806 -117.428889 22185
 34.284447 -117.309694 22186
 33.673833 -118.153083 22187
 39.376322 -077.679989 22205
 39.367767 -077.528458 22206
 39.311083 -076.974389 22207
 34.745250 -116.610472 22209
 22.000000 -020.000000 2220N
 38.685250 -092.428278 22215
 38.688333 -092.156667 22217
 38.690306 -091.940833 22219
 39.957150 -077.030394 22223
 33.773139 -118.226778 22230
 33.698278 -118.131167 22231
 33.263028 -117.580361 22232
 33.127583 -117.410667 22233
 26.682467 -099.023253 22237
 48.899222 -093.089250 22238
 36.602900 -093.871336 22239
 41.091697 -070.946447 22241
 31.431358 -102.622367 22271
 34.007400 -117.785556 22309
 33.853736 -117.782358 22310
 33.761972 -117.771556 22312
 43.850944 -119.137083 22314
 43.680056 -119.252056 22315
 43.411361 -119.217444 22316
 34.148528 -117.018778 22350
 34.095000 -117.138278 22352
 34.082139 -116.877417 22354
 34.028306 -117.464056 22357
 31.299317 -096.431942 22371
 29.429472 -095.774000 22372
 29.790472 -095.703556 22373
 29.541583 -096.034389 22374
 34.414694 -114.874417 22382
 34.108250 -115.219639 22384
 33.834556 -115.524944 22385
 33.741444 -115.628194 22386
 38.440067 -079.059614 22389
 22.054139 -156.689861 22393
 22.460333 -156.786111 22394
 37.245056 -120.170167 22409
 37.107833 -120.915111 22410
 37.051528 -121.170417 22411
 37.037722 -121.232583 22412
 37.005639 -121.376417 22413
 33.192222 -086.706111 22417
 34.248722 -117.327194 22429
 44.805889 -069.313528 22430
 38.686639 -119.708111 22437
 46.700269 -082.556067 22483
 39.128361 -122.024778 22487
 39.074056 -122.013111 22488
 38.462028 -121.882889 22489
 38.269417 -121.842389 22490
 38.126278 -121.812417 22491
 38.052833 -121.797083 22492
 38.315347 -077.323508 22499
 37.707833 -122.539000 22501
 34.009389 -118.436806 22509
 34.017250 -118.388000 22510
 34.092750 -117.143306 22572
 27.950278 -082.644139 22583
 29.204833 -082.279222 22584
 29.118472 -082.262667 22585
 48.409083 -091.191778 22590
 39.331253 -074.813747 22595
 37.378222 -119.786333 22603
 37.894917 -120.151000 22604
 38.429861 -120.534917 22605
 38.959750 -120.998028 22606
 38.977167 -121.016556 22607
 37.009750 -094.441750 22635
 36.937889 -094.666389 22636
 29.001900 -081.318561 22640
 28.555500 -081.620917 22642
 28.685167 -081.533389 22644
 28.402306 -081.282861 22645
 28.467806 -081.427083 22646
 40.954500 -079.441417 22647
 40.942144 -078.893114 22648
 40.919250 -078.085417 22649
 22.394611 -155.174556 22650
 20.553222 -156.193056 22655
 20.413417 -156.166750 22656
 20.358583 -156.156444 22657
 20.233861 -156.133056 22658
 36.693250 -093.411417 22693
 34.583333 -087.249500 22704
 57.666369 -135.683078 22711
 46.124028 -070.227611 22722
 46.168361 -070.087750 22723
 46.350417 -069.505222 22724
 33.116694 -083.656028 22744
 34.075008 -118.004758 22770
 38.061583 -121.500833 22771
 32.974222 -083.239583 22775
 33.274944 -083.542722 22778
 33.065028 -083.654944 22779
 33.654028 -083.829556 22780
 31.158972 -082.430667 22781
 30.492694 -082.295583 22782
 38.000472 -121.274722 22791
 40.238611 -075.226583 22798
 37.874778 -121.727861 22799
 41.200278 -075.472278 22800
 31.335694 -110.855889 22802
 40.921236 -074.600075 22807
 37.186167 -100.327139 22809
 37.469500 -098.981083 22810
 37.513472 -098.764444 22811
 37.712389 -097.755439 22812
 34.058056 -117.143778 22816
 37.544528 -121.959472 22935
 38.599639 -120.798611 22939
 38.624472 -120.676111 22940
 38.289861 -120.920083 22941
 38.546722 -121.449139 22942
 37.653278 -121.973500 22943
 38.052139 -121.819250 22949
 33.514417 -117.737611 22950
 33.471444 -117.945556 22951
 33.468972 -117.940083 22952
 35.617528 -102.073694 22954
 28.746639 -081.068528 22956
 39.766783 -078.220064 22958
 37.769278 -121.985556 22959
 34.982083 -106.292361 22963
 34.983333 -105.903278 22964
 34.945194 -105.889222 22965
 34.914139 -105.659750 22966
 34.773278 -104.658139 22967
 60.480194 -151.402056 22973
 43.987917 -107.041250 22981
 43.597806 -107.237028 22982
 25.916383 -097.541361 22983
 43.254225 -095.809211 22984
 39.682711 -076.989286 22994
 45.000000 -014.000000 22SNT
 40.329056 -075.320250 23003
 40.024389 -075.793167 23004
 39.930328 -075.903222 23005
 39.793356 -076.062722 23007
 40.544128 -075.150089 23009
 40.339278 -075.376639 23011
 43.047167 -095.313028 23012
 42.244528 -123.028083 23013
 34.515722 -116.808222 23080
 34.575861 -117.443139 23082
 34.563389 -117.308389 23083
 33.033583 -117.404833 23086
 37.528250 -121.719306 23090
 37.489722 -121.880056 23091
 47.139375 -122.360369 23096
 47.145097 -122.439647 23097
 27.950167 -082.849000 23105
 37.773167 -111.027611 23112
 37.482083 -112.758722 23113
 39.962972 -109.269222 23114
 38.872528 -109.983333 23115
 38.663250 -109.983333 23116
 38.406867 -111.284864 23119
 42.766167 -092.591000 23128
 42.979389 -092.787972 23130
 43.138028 -092.935639 23134
 43.313083 -093.099694 23135
 45.053889 -092.999583 23137
 44.825028 -093.715500 23139
 44.782889 -092.233500 23141
 42.355500 -107.004444 23194
 38.119775 -081.174717 23195
 37.133889 -081.514167 23196
 37.732533 -083.250897 23198
 37.306992 -084.807142 23200
 37.706333 -083.118972 23202
 37.654528 -082.859611 23203
 37.938750 -081.854500 23204
 37.137808 -081.506914 23205
 37.385169 -081.559883 23206
 37.899528 -081.671194 23207
 37.862303 -081.498744 23208
 37.970239 -082.002653 23209
 23.000000 -020.000000 2320N
 42.745861 -092.146639 23225
 42.526917 -092.053583 23226
 42.763639 -092.154222 23227
 42.848694 -092.190583 23228
 43.200500 -092.342083 23229
 44.253944 -122.736861 23231
 44.433000 -122.719833 23232
 44.781417 -122.686417 23233
 45.144389 -122.651139 23234
 26.781144 -080.454689 23240
 40.218222 -124.130333 23243
 40.217417 -123.960111 23244
 40.475472 -123.533333 23245
 35.850722 -097.831639 23246
 35.519306 -097.602361 23247
 35.487444 -097.518222 23248
 35.471250 -097.273167 23249
 35.859972 -096.067528 23250
 35.945417 -095.827028 23251
 35.967972 -095.529583 23252
 35.480861 -097.417667 23253
 36.071833 -095.550111 23259
 23.000000 -025.000000 2325N
 36.210528 -095.384444 23260
 36.315000 -095.099944 23261
 42.812528 -080.302753 23281
 45.871250 -067.530361 23282
 42.630836 -080.300444 23288
 38.641750 -122.331917 23299
 30.878861 -102.260194 23306
 34.330139 -116.610028 23311
 33.931000 -117.231583 23314
 20.859833 -156.601722 23327
 20.772444 -156.468778 23328
 34.460056 -118.576194 23332
 44.154278 -089.622861 23333
 34.347556 -118.535944 23339
 43.616250 -084.688611 23340
 41.875222 -088.970758 23341
 35.578389 -120.699056 23485
 38.031461 -096.834442 23486
 33.351111 -117.676667 23488
 31.837886 -080.870353 23502
 33.520250 -117.704944 23503
 37.810972 -121.688444 23504
 37.822917 -121.710444 23505
 37.839778 -121.741472 23506
 37.286056 -119.793222 23507
 34.001944 -118.396028 23509
 34.007500 -118.436667 23510
 33.997556 -117.785389 23511
 49.000317 -095.898908 23526
 60.639389 -151.390472 23527
 35.430889 -107.548722 23528
 39.762250 -121.864611 23533
 34.764917 -080.417250 23539
 34.865650 -080.543056 23540
 34.766111 -079.800750 23545
 34.810389 -079.616694 23546
 33.348639 -080.513333 23563
 33.406556 -080.574444 23564
 38.595200 -092.162847 23566
 26.553972 -078.978028 23581
 33.273906 -111.952236 23583
 33.257178 -111.872611 23584
 32.604022 -108.953739 23585
 32.590178 -108.895414 23586
 32.549575 -108.725158 23587
 32.088092 -106.824964 23588
 32.020781 -106.550736 23589
 41.664281 -075.108722 23600
 41.706364 -075.024639 23601
 39.654806 -074.585028 23604
 21.309944 -155.726611 23605
 21.295639 -155.128389 23606
 21.145306 -156.010139 23609
 21.064611 -155.716083 23610
 20.893111 -155.098111 23611
 39.653306 -074.746806 23632
 39.585750 -074.336139 23634
 39.523389 -074.139028 23635
 21.098056 -157.664750 23646
 20.975639 -156.855889 23653
 20.854083 -156.623972 23654
 20.770556 -156.465139 23655
 34.809556 -119.565667 23670
 34.546333 -119.289750 23671
 34.401722 -119.139167 23672
 34.342306 -119.077500 23673
 34.234806 -118.966278 23674
 32.821139 -099.832036 23675
 32.803806 -099.453194 23676
 32.783589 -099.041486 23677
 32.806444 -116.620556 23697
 48.991139 -093.463583 23709
 32.283639 -091.936083 23710
 34.379222 -086.190611 23721
 36.004003 -086.023572 23734
 34.767833 -086.919417 23735
 36.084614 -086.480492 23739
 36.011839 -086.537131 23740
 34.357583 -081.421667 23752
 34.107194 -081.746917 23753
 33.866889 -081.849806 23754
 33.893611 -081.847778 23755
 33.750806 -081.848778 23756
 33.590167 -081.847389 23758
 33.246083 -081.844556 23759
 32.809611 -081.866139 23760
 32.394194 -082.099306 23761
 32.397806 -082.777611 23762
 32.156667 -083.413250 23763
 32.149306 -083.432472 23764
 40.650933 -074.345731 23767
 40.563408 -074.470319 23777
 40.539244 -074.104003 23778
 35.131778 -095.000000 23780
 35.131653 -095.000233 23780
 36.717389 -111.603000 23790
 34.613250 -094.659306 23796
 34.539833 -094.543556 23797
 34.346861 -094.160250 23798
 34.186861 -093.843250 23799
 34.054439 -093.582958 23800
 33.989472 -093.339111 23801
 44.924611 -102.936444 23805
 29.809889 -095.465694 23806
 45.462406 -102.892275 23808
 47.486333 -102.120972 23809
 30.829444 -089.919833 23819
 49.000083 -122.507833 23837
 48.999836 -122.507997 23837
 48.839889 -123.021028 23838
 49.000056 -122.764083 23839
 48.999833 -122.765369 23839
 48.907278 -123.152028 23840
 31.525722 -095.038528 23841
 31.478278 -095.806139 23842
 32.441003 -095.456567 23843
 39.518417 -098.569389 23844
 39.617444 -098.121472 23845
 39.964556 -096.473389 23846
 39.110231 -099.002006 23848
 35.759611 -076.954139 23849
 35.767083 -076.979583 23850
 35.830111 -077.195361 23851
 35.956556 -076.836861 23852
 35.958083 -076.893444 23853
 35.958972 -076.927444 23854
 35.964667 -077.153806 23855
 35.842417 -077.237667 23856
 29.002289 -081.132167 24066
 27.748194 -080.650611 24069
 27.914972 -080.643500 24071
 28.103194 -080.766389 24072
 42.487694 -073.995917 24073
 20.482000 -156.717500 24077
 20.387583 -156.422361 24078
 20.356778 -156.322583 24079
 21.907722 -160.023972 24089
 21.121722 -158.085750 24090
 24.000000 -020.000000 2420N
 40.133222 -074.952472 24392
 40.113778 -075.078889 24393
 40.075361 -074.768139 24394
 40.042583 -074.725194 24395
 38.512297 -087.549217 24399
 39.243567 -087.310350 24400
 39.317028 -087.036389 24402
 39.028028 -086.682417 24403
 39.082597 -087.151872 24404
 38.191944 -086.933083 24405
 39.996889 -074.665389 24407
 20.371167 -156.419417 24408
 20.245889 -156.245472 24409
 40.076333 -075.319333 24415
 39.931917 -074.580611 24416
 39.844306 -075.651167 24417
 39.883556 -075.593278 24418
 40.206556 -075.132861 24420
 40.247000 -075.047389 24421
 40.275056 -075.025056 24422
 40.305444 -074.834583 24423
 40.290944 -074.785833 24425
 40.286192 -074.586683 24426
 40.292472 -074.465694 24427
 40.273250 -074.405667 24428
 40.177639 -074.415278 24430
 39.773056 -074.920444 24431
 36.158611 -080.831292 24433
 36.168078 -080.830111 24434
 35.702858 -080.050708 24435
 39.186489 -105.710200 24441
 39.180072 -105.680978 24442
 35.206811 -080.157142 24469
 35.210639 -079.927333 24470
 34.895861 -080.461722 24472
 34.991431 -080.202922 24473
 34.825139 -080.238111 24474
 34.920153 -080.218033 24475
 35.331336 -080.130556 24476
 32.108389 -083.648306 24479
 32.102278 -083.705311 24480
 32.182386 -083.697450 24481
 32.307242 -083.685150 24482
 32.124944 -083.496306 24483
 31.506681 -083.763339 24486
 30.204361 -083.166417 24487
 31.506306 -082.790083 24488
 43.677528 -086.811028 24489
 40.827194 -084.692194 24490
 36.494361 -085.479139 24491
 35.852619 -085.327664 24492
 35.734111 -085.301944 24493
 35.221486 -085.319847 24494
 35.125000 -085.362472 24495
 35.071611 -085.386000 24496
 34.930083 -085.448222 24498
 34.323000 -086.296500 24499
 34.267833 -086.400056 24500
 34.204861 -086.517917 24501
 34.100278 -086.917167 24502
 34.100194 -087.143306 24503
 35.670472 -086.306500 24504
 35.592389 -086.243694 24505
 35.401444 -086.090778 24506
 34.903306 -085.695944 24507
 34.477556 -086.694111 24508
 34.411611 -086.355167 24509
 34.523667 -086.934389 24510
 39.061861 -082.147978 24516
 39.972694 -082.515194 24517
 40.711825 -084.321500 24518
 40.700833 -084.286472 24519
 40.583944 -083.916472 24520
 40.476192 -083.579817 24522
 36.363611 -085.445778 24534
 34.836278 -085.643278 24537
 61.322617 -159.191942 24547
 35.595278 -071.106806 24550
 41.747000 -085.799444 24554
 41.755639 -085.790500 24555
 41.121944 -077.406111 24556
 41.117306 -077.370278 24557
 22.326167 -156.336806 24558
 62.732614 -163.512375 24559
 39.806361 -097.240306 24561
 45.129361 -092.391944 24565
 42.018944 -075.407111 24573
 41.573583 -076.309333 24574
 41.611667 -076.233222 24575
 41.639889 -076.176722 24576
 41.820964 -075.811522 24579
 41.913383 -075.623417 24580
 39.764667 -121.867278 24584
 33.928528 -117.278750 24588
 34.089472 -117.305944 24589
 34.103222 -117.308278 24590
 34.246583 -117.332583 24591
 35.333000 -120.885778 24592
 42.488583 -073.919111 24600
 39.533728 -074.698714 24641
 39.529894 -074.470094 24642
 39.529367 -074.440611 24643
 41.610583 -074.645972 24647
 21.585528 -156.575306 24677
 34.476944 -083.909972 24680
 36.127333 -080.544111 24681
 44.156250 -122.752500 24691
 45.284833 -122.637389 24692
 34.851750 -079.987139 24714
 34.623694 -080.234917 24715
 34.937333 -079.893667 24716
 40.953611 -076.374833 24731
 40.878861 -076.067778 24733
 40.841833 -075.917111 24734
 40.784472 -075.685611 24735
 40.711889 -075.380111 24737
 40.973222 -074.659806 24742
 40.964861 -074.581694 24743
 40.958472 -074.523194 24744
 40.933500 -074.300611 24745
 40.980722 -075.464139 24755
 40.982278 -074.742333 24770
 40.912639 -075.222333 24773
 40.338306 -074.631694 24789
 40.394444 -074.447833 24790
 41.013222 -074.668472 24791
 30.658889 -095.501083 24794
 33.750000  165.000000 247PQ
 40.290306 -075.016222 24800
 40.307692 -074.517292 24801
 43.031667 -078.123444 24802
 42.695833 -079.475167 24803
 42.792917 -079.570861 24804
 40.555294 -075.307983 24806
 40.935625 -074.651689 24807
 40.887722 -075.523528 24809
 41.289556 -075.475611 24810
 41.305756 -075.263761 24811
 40.692472 -075.425389 24815
 40.711889 -075.380111 24816
 40.780833 -075.218750 24817
 40.918236 -074.894528 24818
 40.969319 -074.773108 24819
 40.568075 -074.052111 24824
 40.542194 -074.567194 24827
 40.530417 -074.517139 24828
 40.517972 -074.464306 24829
 40.494694 -074.365889 24830
 40.428722 -075.631306 24833
 40.696167 -074.600139 24835
 40.776600 -074.498958 24837
 40.365417 -075.238111 24843
 40.386853 -075.301703 24845
 40.487833 -075.503306 24846
 40.739097 -074.953169 24847
 40.571292 -075.321650 24848
 40.397178 -075.699300 24850
 40.237981 -076.040633 24851
 44.748222 -093.503167 24861
 40.454222 -090.837083 24873
 40.154722 -090.739111 24874
 19.906361 -156.039139 24886
 20.204944 -156.469611 24887
 20.191861 -156.418528 24888
 20.143306 -156.229611 24889
 19.831833 -156.041417 24891
 19.912472 -156.025806 24892
 23.677111 -160.568556 24896
 23.357778 -160.336111 24897
 22.662333 -159.834611 24898
 33.457139 -081.846333 24905
 59.501067 -160.727203 24907
 33.960972 -118.156889 24915
 42.629333 -088.720389 24929
 40.446833 -073.552333 24943
 40.013472 -076.384139 24944
 40.372250 -073.465028 24950
 41.500814 -074.574464 24954
 41.589394 -074.780411 24955
 41.686972 -075.008917 24957
 41.697975 -075.034833 24958
 41.789031 -075.249889 24959
 41.930806 -075.587833 24961
 41.574500 -074.560556 24962
 41.625508 -074.550908 24965
 41.282500 -078.639306 24976
 41.198308 -078.489464 24977
 42.572306 -076.430389 24978
 42.541222 -076.361167 24979
 42.393806 -076.035083 24980
 41.791306 -075.949833 24982
 41.777075 -075.900444 24983
 41.623472 -075.373222 24985
 41.588806 -075.255694 24986
 41.311833 -074.716861 24988
 41.267917 -074.645389 24989
 41.105889 -074.172194 24990
 40.703583 -075.031556 24991
 40.469575 -074.603322 24992
 40.445472 -074.574028 24993
 40.418106 -074.540736 24994
 40.380167 -074.494722 24995
 40.342689 -074.449306 24996
 41.139639 -074.218472 24997
 41.299722 -074.439083 24998
 41.171611 -073.865333 24999
 55.087500 -008.569722 24DUB
-15.186667  028.825556 24VLS
 42.794250 -075.995667 25000
 41.933472 -075.209889 25001
 40.873292 -073.349728 25005
 41.103333 -073.480306 25007
 42.279667 -075.785083 25012
 42.169417 -075.545583 25013
 42.059336 -075.046886 25014
 41.282064 -074.416850 25030
 39.828444 -075.952972 25041
 39.802386 -075.892719 25042
 39.848272 -075.998892 25044
 40.044014 -076.455936 25046
 39.974917 -076.293833 25047
 39.758222 -075.790889 25048
 42.704889 -073.403472 25049
 42.606194 -072.539500 25051
 41.419861 -074.387472 25069
 30.515861 -082.822389 25078
 30.338500 -082.518722 25079
 41.124556 -075.982833 25080
 41.072944 -075.795444 25081
 41.043083 -075.687639 25082
 40.859222 -075.034250 25083
 39.048250 -075.950139 25097
 33.185306 -117.643000 25103
 39.277697 -074.603461 25104
 39.086056 -075.053583 25105
 39.582722 -074.270722 25106
 38.718644 -078.462644 25108
 38.897694 -078.296056 25109
-25.000000  010.000000 2510S
 39.128603 -078.086775 25110
 25.193500 -076.000000 25111
 39.527333 -074.331444 25112
 40.801694 -073.292139 25113
 39.816583 -074.012917 25114
 39.612547 -076.621331 25115
 39.857939 -076.021281 25116
 39.865133 -075.979114 25117
 41.566892 -075.181700 25118
 41.617503 -075.013000 25119
 41.632061 -074.964386 25120
 41.646861 -074.914806 25121
 41.678667 -074.807806 25122
 40.858572 -073.778158 25123
 41.291289 -073.249475 25124
 41.370583 -073.325694 25126
 41.889944 -073.653500 25128
 42.090500 -073.742319 25129
 41.655250 -073.668500 25130
 41.228222 -073.152667 25131
 41.405361 -073.226861 25132
 41.189278 -072.839333 25133
 41.378806 -072.663583 25134
 41.776833 -071.725083 25135
 41.999083 -072.025433 25136
 42.241778 -072.039917 25137
 42.273397 -072.041797 25138
 41.941869 -074.395233 25140
 41.568778 -073.196750 25141
 41.429722 -073.382639 25142
 41.852556 -073.416083 25143
 42.132978 -073.148717 25144
 42.259086 -073.590533 25145
 41.246778 -073.304306 25146
 41.778139 -072.394806 25147
 41.859125 -072.304272 25148
 41.950083 -072.202056 25150
 42.021944 -072.121111 25151
 42.231242 -075.678825 25152
 41.685833 -071.167528 25153
 41.983225 -075.104250 25154
 41.368986 -072.536144 25155
 41.082111 -072.965250 25157
 25.000000 -015.000000 2515N
 39.265250 -074.864111 25168
 39.298139 -074.876500 25169
 39.328611 -074.888000 25170
 39.168722 -075.665639 25173
 39.215778 -075.660222 25174
 38.810556 -076.240278 25176
 37.130194 -079.730222 25179
 37.029306 -079.570556 25180
 36.940778 -079.431000 25181
 36.854222 -079.295167 25182
 40.927444 -072.692194 25199
 35.535231  149.995961 251PQ
 41.099889 -072.944389 25202
 41.383528 -072.750028 25203
 41.436778 -072.794333 25204
 41.529361 -072.871528 25205
 41.634972 -072.959917 25206
 25.000000 -020.000000 2520N
 42.490889 -073.691083 25222
 39.555639 -075.227639 25223
 39.601947 -075.186139 25224
 39.714253 -075.085250 25225
 38.766389 -075.889056 25226
 39.980722 -074.970083 25228
 41.936581 -075.601736 25229
 41.670275 -075.532683 25230
 39.817006 -074.166331 25231
 40.660931 -075.125367 25234
 41.457042 -071.704897 25236
 41.443431 -071.742428 25237
 42.178083 -070.772333 25238
 42.552056 -073.434667 25239
 25.000000 -023.000000 2523N
 42.132233 -071.907767 25240
 42.251953 -071.951072 25241
 42.271389 -071.958111 25242
 41.047778 -073.178778 25243
 41.216556 -073.058000 25244
 41.875431 -072.298494 25245
 42.226361 -072.173389 25246
 42.057861 -074.171306 25248
 41.008778 -073.426528 25249
 42.284722 -074.744444 25250
 39.717556 -076.298306 25253
 39.389917 -076.875194 25254
 39.067472 -075.514972 25255
 41.533139 -071.288667 25261
 38.740811 -076.261753 25262
 36.772194 -077.502306 25263
 39.739222 -075.393219 25264
 39.683917 -076.999694 25265
 41.251000 -073.714778 25268
 42.032667 -074.120947 25269
 41.208250 -072.990972 25271
 41.591544 -071.331606 25274
 41.516064 -087.158892 25283
 41.181361 -086.038417 25284
 35.054611 -078.643556 25289
 37.936583 -121.397056 25291
 25.000000  030.000000 2530E
 38.656139 -091.991639 25323
 38.689444 -092.040306 25324
 28.542472 -081.055222 25333
 28.551444 -081.034750 25334
 40.001472 -089.470278 25336
 40.227472 -088.766250 25337
 40.238639 -088.747444 25338
 27.950278 -082.710639 25339
 28.987361 -082.900833 25340
 27.950278 -082.692750 25341
 28.087889 -082.078083 25342
 27.950278 -082.674667 25343
 27.950278 -082.595389 25344
 28.783667 -080.904222 25345
 28.455889 -081.252000 25347
 28.436667 -081.295611 25348
 28.422583 -081.327472 25349
 28.272278 -081.666333 25350
 28.107167 -082.035250 25351
 27.950278 -082.644139 25352
 39.538206 -107.054603 25354
 39.822278 -106.934694 25355
 34.850167 -119.537750 25358
 34.556944 -119.146167 25359
 34.223111 -118.792139 25360
 34.546194 -118.319694 25361
 34.606278 -118.445139 25362
 34.663778 -118.565667 25363
 34.737028 -118.548556 25364
 34.865222 -118.641833 25365
 36.227472 -080.085833 25368
 36.079111 -080.211417 25370
 30.656194 -081.863444 25371
 30.705178 -081.811883 25372
 30.759722 -081.754306 25373
 29.976667 -082.192222 25374
 36.871167 -079.553167 25375
 36.293583 -080.029694 25376
 36.832861 -079.584583 25379
 34.571083 -085.230472 25387
 34.606389 -085.442583 25388
 34.633222 -085.605472 25389
 34.700750 -086.021750 25390
 33.446389 -114.000000 25398
 33.476186 -098.864869 25401
 33.095867 -098.170183 25402
 33.353081 -098.291353 25403
 41.205589 -088.893361 25405
 41.756194 -089.074592 25409
 41.755083 -089.074286 25410
 41.975167 -089.132514 25411
 41.006333 -087.727278 25412
 41.118889 -088.689167 25414
 41.112833 -088.567778 25415
 41.096139 -088.245917 25416
 41.086722 -088.071528 25417
 41.085083 -088.041500 25418
 41.075750 -087.744028 25419
 41.076808 -087.655617 25421
 34.262500 -084.912444 25422
 30.800472 -096.250917 25448
 20.299667 -156.301194 25450
 20.370389 -156.631667 25452
 35.946667 -111.749417 25454
 35.691528 -079.778222 25490
 21.177139 -157.340806 25493
 33.526694 -114.000000 25501
 32.243778 -099.739611 25505
 31.385028 -099.297778 25525
 30.887972 -099.046083 25526
 30.582333 -098.892750 25527
 30.510889 -098.857056 25528
 29.844250 -098.742139 25529
 27.017750 -081.192111 25530
 27.349472 -081.909000 25532
 20.498194 -155.993444 25533
 20.304250 -156.000667 25535
 20.280528 -156.001583 25536
 20.219056 -156.003861 25537
 20.299667 -156.301194 25540
 20.324889 -156.418611 25541
 20.366500 -156.613250 25542
 39.124350 -105.428747 25554
 33.339083 -117.803722 25556
 31.607028 -082.253750 25558
 31.784833 -080.893306 25559
 31.410583 -081.176250 25560
 28.507833 -081.515444 25561
 28.477000 -081.673778 25562
 28.395722 -082.086361 25563
 40.275667 -084.410083 25564
 40.519778 -084.422583 25565
 40.664547 -084.430064 25566
 40.747111 -084.434306 25567
 40.875222 -084.440944 25568
 40.275694 -084.408722 25569
 42.369417 -082.579833 25570
 42.486922 -081.928483 25571
 42.595417 -081.421333 25573
 42.004378 -084.371500 25574
 42.624481 -081.573331 25575
 41.436356 -082.744072 25576
 42.019322 -083.156228 25577
 41.540681 -082.506361 25578
 41.521161 -082.767158 25579
 41.451486 -082.107147 25580
 41.430542 -082.051117 25581
 41.407933 -081.990781 25582
 41.392611 -081.949889 25583
 41.350414 -081.618650 25584
 41.344664 -081.296994 25585
 41.519986 -081.913722 25586
 41.471928 -082.161956 25587
 41.460353 -081.809661 25588
 41.425028 -081.748167 25589
 42.307056 -080.896889 25591
 40.968972 -084.445833 25592
 41.136389 -084.454583 25593
 41.173408 -084.456558 25594
 41.482861 -084.472833 25595
 42.388583 -083.043889 25597
 42.452889 -083.144111 25598
 42.703806 -083.691111 25599
 41.585369 -082.028256 25600
 42.563111 -081.441333 25601
 42.262700 -084.160172 25603
 42.940667 -083.785750 25604
 42.955000 -083.792750 25605
 42.973889 -083.802000 25606
 42.552611 -082.194528 25607
 42.574417 -082.017056 25608
 42.616250 -082.059500 25609
 42.856528 -082.304778 25611
 42.953722 -082.404778 25612
 42.945194 -082.437831 25613
 41.191164 -082.835600 25614
 43.247056 -078.822194 25615
 43.260806 -078.951306 25616
 43.289861 -082.275528 25617
 42.794111 -079.303989 25619
 42.832444 -079.307769 25620
 43.134194 -079.033167 25622
 42.950722 -079.058222 25623
 43.331389 -078.869139 25624
 43.375250 -078.817944 25625
 33.566722 -118.249028 25626
 41.923561 -082.208208 25627
 41.347997 -081.477225 25628
 41.607600 -081.778494 25629
 41.503994 -081.657878 25630
 41.761717 -084.205361 25631
 41.449472 -081.594611 25632
 41.741842 -081.935611 25633
 42.944306 -082.394972 25634
 47.135611 -122.309611 25638
 46.789000 -122.309611 25639
 47.213889 -119.875667 25643
 47.046722 -120.325500 25644
 47.014556 -120.411500 25645
 46.997250 -120.457583 25646
 46.993667 -120.467139 25647
 46.901111 -120.712444 25648
 38.493028 -108.493750 25650
 40.542611 -088.765500 25653
 35.309583 -077.772167 25657
 35.080000 -077.796889 25658
 34.912611 -077.814806 25659
 37.598694 -108.003528 25660
 30.677361 -096.204389 25674
 30.742222 -096.009417 25675
 30.847667 -095.689806 25676
 30.603533 -097.034347 25677
 41.339361 -073.199167 25678
 41.341056 -073.188000 25679
 30.262083 -096.201639 25681
 41.091194 -088.842639 25695
 41.122778 -088.768417 25696
 41.157417 -088.686750 25697
 41.391556 -089.962889 25698
 40.355981 -087.157203 25699
 40.004972 -087.162833 25701
 41.646056 -088.445944 25702
 41.954472 -087.957861 25703
 43.093278 -091.358806 25704
 38.660719 -090.737044 25705
 38.707806 -090.677278 25706
 38.578000 -090.422472 25707
 38.603022 -090.344864 25708
 38.619583 -090.293250 25709
 32.426194 -082.701972 25712
 32.487000 -082.758667 25713
 35.988833 -079.286889 25722
 35.993917 -079.309194 25723
 40.003750 -086.640917 25726
 40.000361 -088.210750 25727
 40.443278 -085.623250 25728
 40.002222 -087.976639 25729
 40.858472 -073.778278 25730
 40.858444 -073.807111 25731
 40.858583 -073.674722 25732
 40.858528 -073.722361 25733
 40.819806 -073.319500 25734
 36.032222 -079.749278 25760
 36.461306 -079.344250 25774
 36.561750 -079.337194 25775
 38.468889 -121.431833 25789
 38.357389 -122.830833 25790
 38.411806 -121.419139 25791
 36.418667 -086.101833 25792
 36.690583 -085.529389 25793
 36.581778 -086.953944 25794
 38.954333 -075.514278 25801
 38.947111 -075.550139 25802
 36.797472 -085.301583 25803
 36.830056 -085.231889 25804
 37.972306 -087.259667 25805
 38.311583 -087.257306 25807
 38.627917 -087.255111 25809
 39.070944 -087.251972 25810
 39.259639 -087.250639 25811
 40.266147 -075.980544 25812
 37.006694 -085.735528 25813
 36.573861 -085.499472 25814
 37.278944 -087.236694 25815
 37.292333 -086.608750 25816
 37.132028 -086.808500 25817
 35.752806 -085.306000 25819
 35.722750 -085.644000 25820
 35.669250 -085.287889 25822
 35.618306 -085.576083 25823
 35.393861 -086.074417 25824
 35.720861 -084.991389 25825
 35.727222 -084.954500 25826
 35.733611 -084.917417 25827
 35.754556 -084.795333 25828
 37.569694 -085.654972 25829
 43.206472 -114.314944 25833
 33.469000 -117.940111 25835
 31.315372 -096.389247 25838
 31.198792 -096.394411 25839
 27.398222 -080.665500 25841
 27.518944 -080.660389 25842
 27.835361 -080.646889 25843
 44.340972 -076.021667 25860
 44.397358 -075.868317 25861
 38.005778 -077.881000 25864
 37.995583 -077.554778 25865
 37.984278 -077.223833 25866
 33.257972 -117.718833 25868
 33.303722 -117.880194 25869
 33.469056 -117.940139 25870
 40.490694 -074.129639 25876
 35.003806 -080.200306 25882
 34.999167 -080.181889 25883
 34.973167 -080.078861 25898
 35.515278 -079.793083 25899
 37.517861 -086.419611 25900
 20.908250 -157.045139 25909
 20.859278 -157.135222 25910
 41.048528 -072.829389 25962
 40.374917 -073.453667 25965
 40.994556 -072.890000 25966
 41.157167 -072.877111 25967
 41.180750 -073.385444 25968
 40.511847 -078.600767 25969
 40.457778 -078.374167 25970
 40.359714 -077.968917 25971
 40.334806 -077.867028 25972
 40.241806 -077.215694 25973
 40.234503 -077.158700 25974
 40.225558 -077.089006 25975
 40.221889 -077.060389 25976
 40.213306 -076.994028 25977
 40.206639 -076.942778 25978
 40.187306 -076.794889 25979
 61.647325 -149.433361 25983
 47.158722 -122.663083 25986
-15.616944  028.107778 25VLS
 39.438083 -075.557944 26000
 42.952083 -083.804083 26001
 42.935139 -083.793944 26002
 45.866444 -122.954444 26003
 42.895111 -085.217417 26004
 42.977667 -085.002556 26005
 42.978639 -085.000000 26007
 42.421472 -083.488833 26009
 42.382472 -083.465889 26011
 39.227194 -093.748861 26019
 62.487806 -164.065222 26026
 62.764472 -163.541944 26027
 62.762028 -163.444750 26028
 63.007144 -163.769833 26029
 62.507222 -164.021889 26030
 61.781292 -160.999892 26031
 63.565786 -158.775867 26032
 62.032472 -163.436639 26033
 35.388361 -112.601778 26034
 35.489000 -091.492306 26039
 35.429000 -091.055861 26040
 35.670444 -091.336028 26041
 41.195667 -084.956222 26044
 41.248861 -084.899000 26045
 36.716417 -121.942250 26049
 42.179681 -085.647864 26050
 40.275861 -084.403806 26055
 40.512194 -084.410139 26056
 40.671361 -084.414444 26057
 40.872500 -084.419889 26059
 40.968583 -084.422500 26060
 41.129306 -084.426917 26061
 41.481611 -084.436611 26063
 41.644278 -084.441139 26064
 41.312528 -084.830333 26068
 41.488417 -084.639694 26069
-26.000000  006.000000 2606S
 41.634000 -084.480861 26070
 41.649611 -084.463778 26074
 41.187028 -076.211417 26075
 41.125944 -075.987778 26076
 41.072944 -075.795444 26077
 41.043083 -075.687639 26078
 40.980722 -075.464139 26079
 40.912639 -075.222333 26080
 40.859222 -075.034250 26081
 40.121944 -090.038028 26085
 42.208236 -085.242044 26088
 41.097500 -092.227389 26089
 41.053083 -092.192972 26090
 40.990667 -092.144667 26091
 39.296222 -095.429944 26097
 39.298778 -095.647667 26098
-26.000000  010.000000 2610S
 39.846583 -090.485028 26132
 39.844111 -090.112861 26133
 39.392611 -091.808417 26134
 39.313361 -088.344194 26159
 39.370056 -088.128500 26160
 37.357833 -089.643417 26165
 37.473083 -089.706389 26166
 37.701472 -089.831917 26167
 37.884833 -089.933306 26168
 38.041528 -090.020417 26169
 37.799472 -089.375861 26170
 37.845583 -089.757694 26171
 40.737000 -091.949500 26184
 40.444806 -091.726861 26185
 39.139222 -088.995278 26187
 39.177083 -088.986528 26188
 38.286500 -095.497556 26191
 38.561306 -095.457139 26192
 38.165528 -090.089583 26204
 38.185083 -090.100528 26205
 38.517778 -090.287556 26206
 38.601444 -090.334889 26207
 38.605472 -090.337194 26208
 38.832778 -094.244444 26209
 26.000000 -020.000000 2620N
 38.980556 -094.404389 26210
 38.250361 -093.835806 26212
 26.801667 -080.976750 26227
 27.059583 -081.147972 26228
 27.617556 -081.814167 26229
 26.000000 -022.000000 2622N
 26.965750 -081.080778 26230
 39.600889 -087.230417 26235
 39.586806 -087.286083 26236
 39.561889 -087.384417 26237
 39.530556 -087.507556 26238
 33.607500 -117.270111 26246
 33.778750 -117.413000 26266
 38.329000 -122.170056 26269
 38.467194 -121.981361 26270
 37.451111 -111.789083 26271
 28.444417 -081.375500 26276
 27.788250 -082.655417 26277
 27.801389 -082.613194 26278
 27.814500 -082.571028 26279
 27.841556 -082.483861 26280
 27.597528 -081.754861 26281
 27.708861 -081.752667 26282
 27.142528 -081.763833 26284
 28.391778 -081.397139 26285
 49.000000 -122.572889 26286
 42.703167 -083.655472 26288
 40.333306 -073.084917 26289
 42.194111 -071.930111 26300
 42.262889 -071.854806 26301
 42.268639 -071.848278 26302
 41.433500 -072.352528 26303
 41.354139 -072.346972 26304
 32.899556 -117.346444 26316
 41.544944 -088.625000 26317
 41.405472 -088.977250 26318
 41.428750 -088.918778 26319
 38.724750 -090.281750 26331
 38.655778 -090.180417 26332
 38.616694 -090.123167 26333
 38.521306 -089.983861 26334
 38.556389 -090.035000 26335
 38.296611 -089.658083 26336
 38.186333 -089.499417 26337
 38.041222 -089.291833 26338
 37.860389 -089.034972 26339
 36.749778 -085.771889 26370
 37.282583 -087.081417 26371
 34.689528 -085.528278 26372
 36.942861 -084.989222 26375
 36.683528 -085.527583 26376
 38.913306 -120.948694 26386
 39.017222 -120.813583 26387
 39.990556 -119.269194 26390
 38.805861 -119.700833 26391
 38.605167 -120.796444 26392
 38.629583 -120.679833 26393
 38.728667 -120.200028 26394
 30.657528 -095.499694 26397
 30.292000 -096.056861 26398
 30.291278 -096.057944 26399
 30.290583 -096.059028 26400
 30.290000 -096.059917 26401
 30.288750 -096.061778 26402
 30.287528 -096.063639 26403
 30.215722 -096.172167 26404
 35.755472 -079.839611 26411
 35.674500 -079.801639 26412
 35.634694 -079.783000 26415
 41.705861 -070.297028 26433
 43.057472 -122.400944 26434
 37.849917 -122.806222 26435
 37.331722 -122.545472 26436
 33.999361 -117.759750 26437
 39.561000 -121.644444 26445
 39.155972 -121.610444 26446
 39.294917 -119.670750 26447
 39.382028 -119.466583 26448
 39.523694 -119.299222 26449
 34.728278 -108.026333 26456
 38.486472 -088.094500 26463
 20.776556 -069.314000 26464
 21.395972 -068.535139 26465
 22.284861 -067.396889 26466
 20.702250 -066.980194 26471
 39.423611 -093.651750 26485
 39.512083 -092.909778 26486
 39.567222 -092.424861 26487
 39.701111 -091.158778 26489
 39.712306 -091.046389 26490
 39.753361 -090.624361 26491
 39.839389 -094.674167 26492
 39.983028 -094.657694 26493
 39.648306 -094.282472 26494
 39.831278 -094.050694 26495
 38.658639 -094.957722 26500
 38.281694 -095.088556 26501
 39.199028 -095.502833 26502
 39.189889 -095.581278 26503
 39.178833 -095.675694 26504
 39.067278 -096.569139 26505
 39.045472 -096.735417 26506
 39.093250 -096.010472 26507
 38.756306 -096.411639 26508
 39.912278 -104.890361 26530
 39.982556 -104.150028 26531
 39.665722 -105.008444 26532
 40.078194 -105.093194 26533
 39.811806 -104.768194 26534
 39.879250 -104.850139 26535
 64.132861 -151.101278 26536
 40.140722 -103.942667 26537
 39.917778 -103.573861 26538
 39.927917 -105.134861 26539
 39.974333 -104.194889 26540
 39.670944 -105.011194 26541
 39.860833 -105.111333 26542
 40.224667 -105.052389 26543
 40.294417 -105.032917 26544
 40.510556 -104.972250 26545
 39.042250 -105.062167 26546
 39.694139 -104.625778 26547
 39.689917 -104.624556 26548
 39.688222 -104.624056 26549
 39.686444 -104.623528 26550
 39.131000 -104.461194 26551
 39.597833 -105.993083 26554
 39.664889 -105.021639 26555
 39.894611 -104.315000 26556
 39.940806 -104.118083 26557
 40.025694 -103.751861 26558
 39.797778 -104.460278 26559
 39.761111 -103.981056 26560
 39.750278 -103.844306 26561
 39.802111 -104.756444 26562
 39.798250 -104.791667 26563
 39.768278 -105.062444 26564
 39.625083 -106.023111 26565
 39.829500 -104.737583 26566
 39.845139 -104.808667 26567
 39.873194 -104.936861 26568
 39.916889 -105.137889 26569
 39.896500 -104.614750 26571
 40.298000 -104.393000 26572
 40.381722 -104.346417 26573
 40.444083 -104.311611 26574
 41.159222 -103.907500 26575
 39.861806 -104.681528 26576
 40.014472 -104.746083 26577
 40.322972 -104.877500 26578
 40.827806 -105.138861 26579
 40.837472 -105.129694 26580
 41.047694 -105.309361 26581
 41.314139 -105.539139 26582
 41.375056 -105.592000 26583
 39.871111 -104.665361 26584
 39.897583 -104.667444 26585
 39.940472 -104.670833 26586
 40.417333 -104.708694 26587
 40.506639 -104.715833 26588
 40.629222 -104.725694 26589
 40.510361 -104.957944 26590
 40.530528 -104.966639 26591
 39.891806 -104.666972 26592
 41.332472 -103.808167 26593
 40.516167 -105.432583 26594
 40.636556 -105.319528 26595
 40.514167 -105.250417 26596
 40.785194 -104.120056 26597
 39.890028 -104.693444 26599
 39.899583 -104.697472 26600
 39.516194 -104.101639 26601
 39.693083 -104.344806 26602
 39.075111 -103.503639 26603
 39.283778 -103.785083 26604
 40.514278 -105.260333 26605
 40.401361 -103.543361 26606
 40.257750 -104.138083 26607
 40.152139 -104.280333 26608
 40.364389 -103.993694 26609
 40.541417 -103.752528 26610
 41.266472 -103.574528 26611
 41.138806 -103.593139 26612
 45.658278 -090.860583 26613
 46.091083 -090.500139 26614
 41.659389 -073.730667 26621
 41.700889 -073.747111 26622
 41.351361 -105.778861 26624
 41.189528 -105.705806 26625
 41.019111 -104.162278 26626
 41.316611 -105.763139 26627
 41.797306 -073.785417 26628
 20.904972 -157.215639 26629
 34.257528 -118.590806 26630
 34.210722 -118.449500 26631
 34.168028 -118.308889 26632
 43.608611 -072.514139 26633
 43.922694 -072.540361 26635
 42.934417 -072.336083 26636
 20.624194 -158.442694 26638
 19.938583 -158.950389 26639
 20.357083 -156.569167 26642
 26.440250 -130.392444 26658
-18.620861 -157.850667 26662
 39.447278 -095.316194 26663
 39.586361 -095.824083 26664
 37.494667 -077.336444 26665
 37.494028 -077.327444 26666
 37.492722 -077.308889 26667
 37.474361 -077.054833 26668
 42.307944 -083.105889 26671
 45.956528 -099.267028 26688
 45.299500 -099.650333 26689
 39.828833 -081.775639 26690
 39.807361 -081.882111 26691
 39.869694 -081.571278 26692
 39.897083 -081.433306 26693
 41.849861 -088.551389 26709
 41.668000 -088.411444 26710
 41.873694 -072.287889 26711
 35.432944 -081.610750 26713
 35.854639 -081.272639 26714
 35.877639 -081.254083 26715
 35.889194 -081.244722 26716
 36.380194 -081.346806 26717
 36.619444 -081.738556 26718
 36.223806 -081.093167 26719
 36.152556 -080.832056 26720
 36.119833 -080.564556 26721
 36.153361 -080.838778 26722
 36.522361 -080.310417 26723
 36.275750 -080.137028 26724
 30.549639 -081.975472 26726
 34.731056 -080.903083 26728
 34.577889 -080.886972 26731
 41.852528 -073.416083 26745
 41.700889 -073.747111 26749
 26.597083 -081.154861 26758
 25.971861 -080.092750 26766
 26.061694 -080.067472 26767
 26.126167 -079.000000 26773
 34.624250 -120.176444 26776
 34.692917 -120.239667 26777
 34.894861 -120.051472 26778
 26.583583 -081.281556 26781
 25.982389 -080.227583 26782
 55.547194 -163.660222 26799
 33.820972 -117.053528 26805
 32.780472 -117.515056 26806
 33.697917 -116.968389 26808
 33.768500 -118.304028 26809
 33.627333 -118.194778 26810
 33.313556 -117.953472 26811
 30.431139 -081.860000 26812
 30.628083 -081.831972 26813
 30.695194 -081.822417 26814
 30.714556 -081.819639 26815
 28.652417 -088.006000 26816
 27.877667 -084.982583 26829
 41.732472 -085.027444 26830
 41.501917 -085.080944 26831
 41.365694 -085.038833 26832
 41.314778 -084.839167 26833
 34.666222 -081.075028 26834
 34.483389 -081.117667 26835
 34.203111 -081.182667 26836
 34.073833 -081.212472 26837
 33.927139 -081.246222 26838
 33.867194 -081.259972 26839
 33.829028 -081.268722 26840
 33.408167 -081.364611 26841
 33.122972 -081.429056 26842
 26.573889 -080.832889 26907
 25.899250 -080.201167 26908
 36.059278 -085.372806 26914
 36.228667 -085.615139 26915
 36.387750 -085.844333 26916
 38.380083 -112.389167 26931
 40.472167 -112.112111 26932
 35.812111 -079.768000 26938
 35.812306 -079.866306 26939
 35.812472 -080.027028 26940
 35.812250 -080.297417 26941
 34.327417 -080.932750 26955
 26.770889 -082.093500 26956
 26.869806 -082.224556 26957
 26.119028 -081.670722 26958
 25.904472 -080.279500 26959
 40.783083 -081.804167 26960
 40.588583 -081.997722 26961
 41.472667 -075.529889 26969
 41.480750 -075.523389 26970
 41.501361 -075.506861 26971
 41.518028 -075.493500 26972
 41.631917 -075.401889 26973
 41.757528 -075.300361 26974
 41.796889 -075.268472 26975
 41.901333 -075.183583 26976
 41.917000 -075.170833 26977
 41.986861 -075.113861 26978
 42.059472 -075.054472 26979
 59.388167 -160.635083 26982
 34.332222 -084.767389 26986
 32.855722 -097.969472 26988
 32.851750 -098.055944 26989
 33.145972 -097.906528 26992
 33.251583 -098.243500 26993
 33.447806 -098.879639 26994
 33.278583 -098.330194 26996
 32.864500 -097.967583 26997
 32.863639 -098.061500 26998
 32.848306 -099.165611 26999
 32.843750 -099.402000 27000
 33.538833 -097.240444 27002
 33.731472 -097.219861 27003
 34.810139 -098.062306 27005
 34.926166 -098.238194 27006
 35.072917 -098.461917 27007
 35.111833 -098.521528 27008
 35.354000 -098.894694 27009
 35.495167 -099.114056 27010
 33.539139 -097.097889 27011
 33.703917 -097.077000 27012
 34.109556 -097.025278 27013
 33.665167 -096.877889 27014
 33.929194 -096.773944 27015
 33.539222 -096.766444 27016
 33.631667 -096.707111 27017
 33.801861 -096.597500 27018
 33.539306 -096.927194 27019
 32.638028 -095.666250 27020
 32.581306 -095.428083 27021
 33.243222 -095.843083 27022
 33.306083 -095.760500 27023
 32.744194 -096.224639 27024
 32.867306 -096.226111 27025
 32.582417 -095.734556 27028
 32.398333 -095.465306 27029
 34.403833 -097.002528 27036
 34.520694 -096.901361 27037
 35.037056 -096.563889 27038
 35.488611 -096.264750 27039
 35.832528 -096.034306 27040
 34.966667 -096.267528 27041
 35.888833 -095.996361 27042
 33.029222 -094.376250 27046
 33.094389 -093.923889 27047
 32.657250 -095.642611 27048
 32.673278 -095.409306 27049
 32.692750 -095.116694 27050
 32.727750 -094.562833 27051
 33.068250 -095.612611 27052
 33.124944 -095.396806 27053
 33.231472 -095.827556 27054
 33.271528 -095.690361 27055
 33.348694 -095.424333 27056
 32.984639 -096.227500 27062
 33.530583 -094.787111 27063
 33.113194 -096.229028 27064
 32.761778 -111.353556 27068
 40.450944 -074.455361 27083
 40.485472 -074.327028 27084
 46.161778 -093.430222 27098
 28.922194 -081.372750 27099
 31.482139 -095.746444 27105
 31.533694 -095.780722 27106
 32.183000 -096.484278 27107
 43.896611 -069.953417 27115
 31.793361 -081.547972 27122
 31.491611 -081.843444 27123
 31.313417 -082.016722 27124
 31.273167 -082.055722 27125
 31.145778 -082.178917 27126
 31.032944 -082.287639 27127
 40.656333 -075.135500 27128
 40.562861 -074.990167 27129
 40.527056 -074.870250 27130
 40.516722 -074.835750 27131
 40.473694 -074.692472 27132
 40.453611 -074.625889 27133
 40.442167 -074.587944 27134
 40.433556 -074.559528 27135
 40.428556 -074.542972 27136
 37.587722 -122.360889 27140
 37.562639 -122.350639 27141
 38.828500 -119.699472 27147
 39.452722 -119.165806 27148
 39.519167 -119.108306 27149
 39.067722 -122.353944 27150
 38.698722 -122.547694 27151
 38.500778 -122.650722 27152
 38.419944 -122.692611 27153
 38.320278 -122.559833 27154
 45.788417 -093.948639 27157
 18.456361 -065.211417 27164
 18.327000 -065.119528 27165
 39.269111 -119.324000 27166
 30.124917 -090.171972 27167
 31.296111 -090.823278 27171
 31.160139 -090.623889 27172
 31.093889 -090.527111 27173
 40.443944 -093.952806 27174
 40.042028 -093.914278 27175
 39.687139 -093.263333 27177
 39.641722 -093.330611 27179
 39.525722 -094.083333 27181
 39.276222 -094.573139 27183
 35.528361 -106.889083 27184
 35.771889 -079.773444 27189
 35.769417 -079.771611 27191
 35.721806 -079.736500 27192
 41.880583 -084.425389 27193
 41.908278 -084.338861 27194
 34.809556 -119.565667 27195
 34.546333 -119.289750 27196
 34.401722 -119.139167 27197
 34.342306 -119.077500 27198
 34.234806 -118.966278 27199
 33.424667 -092.453944 27204
 27.000000 -020.000000 2720N
 34.223833 -090.778333 27211
 39.118472 -084.518000 27216
 38.962972 -084.448917 27217
 27.000000 -023.000000 2723N
 44.804194 -093.657694 27243
 40.324361 -095.534500 27244
 40.074639 -095.922278 27245
 40.065111 -095.473278 27246
 40.157944 -095.495139 27249
 33.145972 -097.906528 27250
 34.028306 -117.464056 27254
 34.008306 -117.674278 27255
 33.999694 -117.763528 27257
 33.989694 -116.681611 27262
 33.950222 -117.159694 27263
 33.955472 -117.784500 27264
 33.963861 -117.842611 27265
 34.005556 -116.482667 27266
 40.003278 -086.544139 27277
 42.118861 -111.954917 27284
 42.011250 -111.973111 27285
 38.405472 -088.814889 27286
 38.388056 -088.430861 27287
 38.374028 -088.140667 27288
 38.346556 -087.610083 27289
 38.338694 -087.466222 27290
 38.323000 -087.242139 27291
 39.283917 -087.160222 27292
 39.091222 -087.077306 27293
 38.544167 -086.844444 27294
 38.950722 -087.017139 27302
 38.667694 -086.896694 27303
 42.032833 -111.442972 27307
 41.913056 -111.727278 27308
 41.754056 -111.333611 27309
 35.623889 -106.052722 27311
 27.464000 -080.719000 27316
 38.831028 -090.343444 27323
 38.888333 -090.330583 27324
 39.108972 -090.280861 27325
 38.825194 -090.316167 27326
 38.899278 -090.270250 27327
 38.836806 -090.370361 27328
 38.880222 -090.375222 27329
 38.840583 -090.388111 27330
 38.875889 -090.399028 27331
 38.939361 -090.418694 27332
 38.979278 -090.386333 27340
 37.203389 -078.678556 27341
 37.403972 -078.480639 27342
 37.440389 -078.526167 27343
 37.608028 -078.736472 27344
 37.751528 -078.917667 27345
 37.273639 -078.633500 27346
 27.000000  035.000000 2735E
 39.774972 -091.741972 27360
 39.666694 -091.490917 27361
 40.303278 -123.681583 27362
 39.003000 -104.889139 27363
 39.131222 -104.729750 27364
 33.500667 -096.184917 27365
 33.465417 -096.233222 27366
 33.508444 -096.174250 27367
 35.420028 -081.943528 27368
 38.970639 -089.675944 27369
 30.016583 -098.193639 27403
 31.464500 -097.108472 27404
 31.200500 -097.211833 27405
 31.305472 -096.414833 27431
 31.217028 -097.205417 27432
 30.911167 -096.893222 27433
 31.025444 -096.755222 27434
 31.287833 -096.436361 27435
 36.483167 -084.238750 27448
 36.878806 -084.477444 27449
 37.176444 -084.658833 27450
 37.368056 -084.776444 27451
 35.131778 -118.737278 27465
 34.220000 -118.480528 27466
 34.741556 -118.569639 27467
 34.009722 -118.444917 27468
 34.641167 -118.552389 27469
 34.599472 -118.545250 27470
 33.760917 -118.428250 27471
 34.477528 -118.524389 27472
 34.362222 -118.504722 27473
 34.023361 -117.837194 27474
 39.068667 -078.142083 27485
 38.705306 -095.562028 27486
 39.230222 -119.674778 27489
 40.153417 -094.638083 27490
 39.367750 -094.100111 27491
 30.754889 -098.391556 27493
 30.738194 -098.235611 27494
 37.648389 -121.956667 27499
 37.879250 -122.066833 27501
 38.008750 -122.198611 27502
 38.036444 -122.226861 27503
 38.486278 -122.351750 27504
 38.858417 -122.325611 27505
 39.068250 -122.310722 27506
 38.198861 -086.111250 27512
 38.050333 -086.297583 27513
 37.526194 -086.366306 27514
 60.223778 -148.374139 27515
 60.118722 -149.048861 27516
 41.080028 -087.341639 27521
 56.805306 -161.180583 27522
 58.723500 -158.898917 27523
 35.202333 -080.399056 27524
 34.901833 -080.547361 27525
 34.878333 -080.558917 27526
 34.855611 -080.570083 27527
 34.395861 -080.794444 27528
 34.669806 -080.661083 27529
 35.674500 -080.163611 27530
 35.255639 -080.372639 27531
 41.545889 -112.048389 27541
 33.297194 -112.020694 27542
 33.298333 -111.955000 27543
 33.350278 -113.524611 27544
 59.171778 -157.766889 27551
 66.758972 -148.176083 27552
 36.404028 -084.550417 27553
 36.297667 -084.624056 27554
 36.356694 -084.735000 27555
 46.465000 -088.939194 27556
 46.422028 -088.276806 27557
 60.887944 -161.790139 27578
 60.795083 -161.820944 27579
 62.453917 -161.241833 27580
 62.685194 -161.155917 27581
 63.761556 -160.737250 27582
 63.887639 -160.686083 27583
 60.812500 -161.815167 27584
 61.840806 -161.463278 27585
 40.685806 -077.747861 27615
 40.595278 -076.945111 27626
 40.301528 -077.036194 27627
 40.295028 -077.038222 27628
 40.289861 -077.039806 27629
 40.281750 -077.042306 27630
 40.273278 -077.044917 27631
 40.221917 -077.060750 27632
 40.222750 -077.060500 27633
 38.377444 -120.885833 27634
 38.624472 -120.676111 27635
 38.332778 -120.464694 27638
 38.599639 -120.798611 27639
 38.828500 -119.699472 27640
 39.269111 -119.324000 27641
 39.452722 -119.165806 27642
 39.519167 -119.108306 27643
 33.283500 -117.745528 27646
 33.862944 -096.682083 27649
 33.709500 -097.222222 27650
 33.752806 -097.070806 27651
 33.825500 -096.814833 27652
 33.905472 -096.530528 27653
 32.700778 -093.298889 27655
 33.722917 -097.175361 27656
 32.216500 -093.764278 27657
 30.201861 -097.755944 27664
 30.225611 -097.874528 27665
 30.314500 -098.323583 27666
 30.370750 -098.612222 27667
 30.393806 -098.731556 27668
 30.438222 -098.963333 27669
 31.428472 -096.086056 27671
 29.579278 -096.122139 27707
 31.100944 -096.357861 27712
 25.904472 -080.279500 27714
 26.061694 -080.067472 27715
 26.020028 -079.746750 27716
 27.950000 -082.383333 27717
 27.822333 -082.425917 27718
 27.722194 -082.459222 27719
 27.601556 -082.499278 27720
 27.943139 -082.385611 27721
 33.527639 -081.680722 27725
 39.048472 -077.829000 27733
 35.750583 -079.773222 27734
 35.639167 -080.064472 27735
 35.729861 -079.827583 27736
 35.618750 -080.384250 27737
 36.061778 -079.746750 27738
 34.912361 -080.360111 27739
 34.931194 -080.366250 27740
 34.796833 -080.322444 27741
 36.139139 -078.537833 27742
 36.129944 -078.692333 27743
 36.120111 -078.854139 27744
 36.103028 -079.126278 27745
 36.095389 -079.244917 27746
 35.201250 -080.454722 27748
 37.873667 -113.311083 27750
 37.627972 -113.459806 27751
 37.474222 -112.655139 27752
 36.972722 -113.851083 27756
 36.552028 -114.136472 27757
 36.433306 -114.396667 27758
 37.622833 -113.441250 27841
 36.880194 -111.666472 27844
 34.783333 -115.329833 27863
 29.448556 -082.329972 27886
 29.500361 -082.317889 27887
 29.680806 -082.369306 27888
 29.761167 -082.392250 27889
 29.763250 -082.395889 27890
 29.679750 -082.378361 27891
 29.910111 -095.383944 27956
 38.030389 -077.887250 27967
 38.082056 -076.998889 27968
 42.736083 -077.103556 27969
 42.718000 -076.990389 27970
 42.677806 -076.741444 27971
 40.035528 -075.377500 27973
 37.713194 -077.661139 27980
 38.222917 -077.194556 27981
 38.256000 -077.163972 27982
 38.140083 -077.900250 27990
 38.372028 -077.431583 27991
 38.736944 -076.316583 27996
 38.905000 -076.285028 27997
 38.977417 -076.271361 27998
 39.033500 -076.260778 27999
-14.973056  028.707500 27VLS
 39.081917 -076.251639 28000
 35.706556 -110.370917 28003
 36.402972 -109.903972 28004
-28.000000  000.000000 2800S
 35.586167 -111.927583 28015
 35.586167 -111.927583 28016
 34.890389 -111.614167 28018
 34.890389 -111.614167 28029
 34.868056 -111.754222 28031
 34.288500 -111.916167 28032
 34.156333 -079.947917 28036
 33.999472 -079.903000 28037
 33.207389 -117.136222 28038
 33.282972 -117.120278 28039
-28.000000  005.000000 2805S
-28.000000 -005.000000 2805W
 41.743583 -073.369722 28079
 37.436139 -121.909000 28083
 37.436778 -121.908639 28084
 32.363167 -093.776278 28085
 32.650528 -094.610389 28086
 32.565667 -094.361833 28087
 32.440694 -093.999250 28088
 32.406000 -093.899278 28089
 32.324333 -093.665194 28090
 31.982472 -092.702861 28095
-28.000000  010.000000 2810S
 40.062611 -075.338889 28118
 40.021056 -075.192111 28119
 40.018444 -074.961472 28120
 40.048194 -074.826278 28121
 40.016583 -075.404500 28122
 40.127833 -075.245722 28123
 40.081194 -075.726500 28124
 40.081139 -075.725083 28125
 40.075944 -075.613556 28126
 40.068750 -075.462806 28127
 39.890306 -075.583722 28128
 39.886806 -075.600583 28129
 39.874667 -075.659250 28130
 41.917000 -075.170833 28140
 33.323167 -117.787028 28164
 33.447694 -118.355250 28165
 38.190333 -122.387639 28166
 46.391944 -084.558667 28186
 29.744833 -095.809972 28191
 29.702194 -095.553250 28192
 30.247278 -096.280694 28193
 30.163722 -096.248167 28194
 34.902278 -118.388472 28195
 34.733750 -118.533417 28196
 28.000000 -020.000000 2820N
 28.000000 -022.000000 2822N
 40.041528 -095.348250 28235
 32.954528 -080.659889 28236
 33.099667 -080.561833 28237
 33.279111 -080.440111 28238
 33.879667 -080.028417 28239
 24.947806 -079.000000 28240
 39.038528 -076.169750 28246
 39.130944 -076.141056 28247
 39.162722 -076.131167 28248
 39.188472 -076.123139 28249
 26.458444 -097.692333 28254
 35.972611 -115.298417 28257
 35.972722 -115.298278 28264
 35.470306 -111.982500 28286
 35.597611 -111.922139 28287
 35.828778 -115.164250 28288
 35.823389 -115.098333 28289
 35.840833 -114.813833 28290
 30.981944 -095.278361 28304
 30.891528 -095.555861 28309
 36.149028 -114.748556 28328
 36.136111 -115.088500 28329
 30.811528 -095.799694 28342
 35.473222 -114.055361 28347
 31.386250 -099.159028 28349
 31.304556 -096.417250 28350
 32.232056 -099.701389 28351
 29.916083 -097.483417 28352
 29.743917 -097.466222 28353
 29.657083 -097.457583 28354
 30.911222 -096.893111 28355
 31.025389 -096.755194 28356
 31.288806 -096.436750 28357
 32.536278 -096.912056 28358
 32.535333 -096.911694 28359
 39.602389 -102.100944 28367
 33.185306 -117.643000 28381
 34.643528 -111.738056 28382
 38.459972 -121.844833 28383
 39.596722 -078.796278 28384
 39.519528 -078.445000 28385
 46.452306 -114.083778 28386
 43.269722 -111.167194 28387
 64.741250 -155.436833 28396
 40.794389 -105.665806 28397
 31.216528 -096.650667 28407
 39.056417 -077.346861 28422
 41.527167 -071.293444 28429
 41.372139 -071.187028 28430
 44.132472 -093.856583 28503
 43.993278 -093.967500 28504
 43.661889 -094.229194 28505
 63.007861 -163.770528 28516
 33.840083 -115.507722 28517
 34.475611 -114.912056 28518
 34.110250 -115.455528 28519
 44.517750 -090.930583 28520
 44.663667 -091.475889 28521
 44.812194 -092.044111 28522
 45.112306 -091.683750 28523
 45.108694 -091.552806 28524
 43.718083 -093.510833 28525
 43.158250 -093.691444 28526
 44.030222 -093.481333 28527
 44.610444 -093.449778 28528
 44.787139 -093.443944 28529
 44.726500 -093.445944 28530
 44.791750 -092.812861 28531
 44.779361 -093.001028 28532
 44.791194 -093.113250 28533
 44.805111 -093.246333 28534
 46.678111 -112.431194 28535
 64.132861 -151.101250 28536
 68.052667 -155.257361 28537
 62.796667 -156.114556 28538
 63.787833 -160.953694 28540
 65.140944 -151.708389 28541
 63.049694 -165.701667 28542
 62.299111 -165.918889 28542
 62.995833 -165.717667 28543
 63.049694 -165.701667 28543
 65.817639 -156.778556 28544
 65.106306 -149.581417 28545
 65.525861 -151.953528 28546
 66.231167 -156.779139 28547
 66.915222 -151.545778 28548
 69.152528 -153.951222 28549
 70.418750 -155.566472 28550
 79.419167 -155.576528 28550
 66.961361 -152.935333 28551
 67.088028 -156.780389 28552
 70.453889 -156.786361 28553
 70.429222 -155.898306 28554
 69.016917 -154.572583 28555
 68.501556 -156.782806 28556
 60.501556 -156.782806 28556
 64.941444 -149.416694 28557
 39.667583 -091.489750 28558
 30.812028 -096.240861 28563
 30.703500 -096.126000 28564
 30.606833 -096.024028 28565
 30.543111 -095.956972 28566
 30.626361 -096.185167 28567
 30.732222 -096.039528 28568
 30.319056 -095.722111 28569
 46.694833 -111.512833 28586
 46.611194 -111.523806 28587
 43.875778 -090.572306 28588
 45.158722 -095.175972 28589
 44.904056 -093.283028 28590
 45.324500 -097.086694 28591
 44.925667 -093.416722 28592
 45.950083 -095.225083 28593
 44.986083 -093.796250 28594
 45.953750 -095.232306 28596
 43.419111 -096.210667 28597
 43.247917 -096.673889 28598
 43.007250 -097.312472 28599
 42.965944 -097.420583 28600
 43.830333 -092.194833 28601
 43.670556 -092.002194 28603
 44.877722 -093.273250 28604
 43.328139 -095.988528 28606
 42.862056 -096.572194 28607
 42.633639 -096.853667 28608
 42.393944 -097.145944 28609
 42.162333 -097.425389 28610
 41.824722 -097.827667 28611
 44.791639 -093.113056 28612
 44.666278 -092.966222 28613
 44.427750 -092.649361 28614
 44.387028 -091.881667 28617
 44.226139 -091.471000 28618
 44.089167 -091.116194 28619
 42.527139 -094.966333 28621
 41.997944 -095.270389 28622
 43.253972 -094.251528 28623
 44.790361 -093.443306 28624
 44.752889 -093.516000 28625
 44.767167 -093.488333 28626
 44.578472 -093.851806 28627
 44.281583 -094.414500 28628
 43.499000 -095.771389 28629
 43.522750 -095.926444 28630
 39.538361 -090.589833 28631
 39.503889 -090.692222 28632
 27.269667 -080.132722 28633
 26.532333 -078.982611 28634
 26.472611 -079.951333 28636
 26.548556 -078.979167 28637
 26.532333 -078.982611 28638
 37.823583 -083.718083 28639
 38.042528 -083.873667 28640
 38.192806 -083.981056 28641
 38.883722 -084.673861 28642
 31.870694 -096.259028 28654
 32.117667 -096.356417 28655
 32.184111 -096.382722 28656
 37.490361 -121.877444 28658
 46.178944 -112.078333 28659
 27.553556 -083.358028 28661
 27.839194 -085.059583 28662
 20.159139 -155.043361 28663
 54.455575 -167.122667 28664
 54.455750 -167.122667 28666
 30.868417 -081.818778 28672
 39.987639 -082.833222 28673
 33.966611 -117.472222 28682
 34.508528 -116.734639 28683
 34.165389 -117.054667 28684
 34.457722 -083.512806 28701
 34.428778 -083.538861 28702
 34.105944 -083.827778 28703
 35.742083 -081.987639 28704
 35.534667 -082.251528 28705
 35.479056 -082.321917 28706
 35.450611 -082.357861 28707
 34.991917 -082.932194 28708
 34.977722 -083.235111 28709
 64.895222 -148.156639 28720
 64.912333 -148.364139 28721
 64.963056 -149.002972 28722
 64.998556 -149.473472 28723
 65.159361 -151.944444 28724
 64.868861 -147.844167 28725
 64.874167 -147.906361 28726
 64.878611 -147.958972 28727
 64.884194 -148.024806 28728
 40.606583 -083.540306 28739
 40.511833 -083.690611 28740
 40.673056 -084.198056 28741
 40.829028 -084.087194 28743
 40.502333 -084.318722 28744
 40.470306 -084.341278 28745
 40.365889 -084.414667 28746
 40.190111 -084.537611 28747
 40.067417 -084.623000 28748
 39.989917 -084.676750 28749
 40.785500 -083.761806 28750
 40.573083 -083.882389 28751
 41.074444 -082.956917 28753
 41.025639 -083.289306 28754
 41.024694 -082.868056 28755
 40.905111 -083.061833 28756
 40.851639 -083.148083 28757
 40.703583 -083.385639 28758
 40.644583 -083.479778 28759
 42.167472 -081.634472 28760
 42.137417 -081.238583 28761
 41.851750 -081.545111 28762
 41.797694 -081.483083 28763
 41.613528 -081.272806 28765
 41.231861 -084.199222 28773
 41.167167 -084.456194 28774
 41.651278 -081.710917 28776
 41.523389 -081.590056 28777
 41.347056 -081.424417 28778
 41.008444 -083.958917 28781
 40.960500 -083.993278 28782
 41.343083 -083.441111 28784
 41.265972 -083.485833 28785
 40.949222 -083.668250 28786
 40.910833 -083.690222 28787
 40.597000 -082.943028 28789
 42.771111 -082.217278 28790
 42.830278 -081.984556 28793
 41.357694 -082.646083 28798
 41.436222 -082.737194 28799
 42.033639 -083.305444 28801
 42.170806 -081.679250 28802
 42.037528 -081.759333 28803
 41.831611 -081.882361 28804
 41.209722 -074.314833 28805
 41.234806 -074.059028 28806
 41.266333 -073.728583 28807
 41.251694 -073.883417 28808
 38.660556 -090.736778 28809
 42.403750 -083.431278 28810
 42.309333 -081.133472 28812
 42.295861 -080.873333 28813
 42.366333 -080.212778 28814
 42.420667 -079.809861 28816
 42.260056 -080.237222 28818
 42.246944 -080.018889 28819
 42.235167 -079.828222 28820
 41.934167 -079.667833 28821
 41.857750 -079.830083 28822
 41.700556 -080.270833 28823
 41.655083 -080.495417 28824
 42.373222 -083.420889 28826
 42.424083 -083.438194 28827
 41.866528 -083.350500 28828
 42.015028 -083.438056 28829
 41.491139 -081.356389 28830
 41.466778 -081.536750 28831
 41.580083 -083.872361 28832
 41.519833 -083.919944 28833
 41.464417 -083.963500 28834
 41.196861 -082.155611 28838
 41.270389 -082.057167 28839
 40.812861 -083.116750 28840
 41.382083 -083.418472 28842
 42.038667 -083.358500 28843
 41.448167 -081.851833 28844
 41.497806 -081.947833 28845
 41.550000 -082.049139 28846
 42.045167 -083.427222 28851
 40.970556 -083.656000 28853
 43.206250 -085.000000 28854
 38.766222 -085.239222 28855
 40.051889 -083.956417 28856
 39.593556 -083.907528 28857
 38.762889 -085.246917 28858
 39.398278 -085.266667 28859
 38.539444 -084.230778 28860
 43.165889 -084.782972 28861
 43.153444 -084.716500 28862
 43.095750 -084.411694 28863
 42.976000 -083.818444 28864
 38.731250 -084.148944 28865
 34.701917 -081.582639 28881
 34.766111 -079.800750 28884
 34.390667 -080.102417 28885
 40.377500 -084.406528 28886
 40.377500 -084.406528 28887
 41.174250 -084.428194 28888
 41.174278 -084.428139 28889
 42.145500 -083.391083 28891
 42.107167 -083.361694 28892
 41.301556 -082.581167 28893
 42.385667 -082.890389 28894
 42.405222 -083.479278 28895
 42.164667 -083.405806 28896
 37.469722 -112.596194 28900
 37.660722 -113.578833 28901
 36.880194 -111.666472 28902
 35.028139 -080.303750 28903
 35.059611 -080.431944 28904
 35.075000 -080.298111 28905
 35.122317 -080.380306 28906
 34.741056 -080.896694 28909
 34.666139 -080.895667 28910
 35.065611 -081.363972 28912
 35.328306 -080.508194 28916
 35.146056 -081.280500 28918
 35.834083 -085.323417 28920
 34.318556 -081.155944 28921
 34.972611 -080.079167 28922
 27.990222 -082.993028 28931
 27.950278 -082.617444 28933
 60.571750 -151.395444 28934
 42.016611 -083.128389 28935
 41.500750 -074.574472 28939
 32.699389 -111.079083 28941
 40.827222 -084.692194 28950
 40.519111 -083.369139 28951
 39.862361 -086.144750 28952
 39.981611 -085.577028 28953
 40.061056 -085.189889 28954
 40.111722 -084.939278 28955
 40.124139 -084.877417 28956
 40.191861 -084.536417 28957
 40.191389 -084.538667 28958
 40.217222 -084.407083 28959
 40.225778 -084.363361 28960
 41.862389 -094.869278 28964
 41.785750 -094.645056 28965
 41.494806 -094.745556 28966
 40.417500 -095.013722 28967
 40.255611 -094.982222 28968
 41.372611 -097.442250 28969
 41.371056 -097.250111 28970
 41.134000 -097.752694 28971
 41.289333 -097.156583 28972
 31.478333 -095.805167 28985
 31.479000 -095.805806 28986
 31.818000 -096.130806 28987
 32.183000 -096.484278 28988
 34.813639 -088.644389 28989
 41.270389 -082.057167 28992
 28.484333 -081.187500 28997
 29.248944 -082.193806 28998
 28.760333 -080.938444 28999
 29.700306 -082.136778 29000
 29.472750 -082.091639 29001
 31.030639 -082.404528 29002
 30.620222 -082.321139 29003
 30.352944 -082.267389 29004
 30.958750 -082.358972 29005
 28.379833 -081.424167 29006
 28.484333 -081.187500 29009
 28.379833 -081.424167 29010
 41.646111 -080.012028 29021
 41.618722 -080.265222 29022
 41.589250 -080.532000 29023
 41.545806 -080.914833 29024
 42.203250 -083.354611 29025
 41.266333 -073.728583 29026
 49.000194 -123.126083 29032
 48.874806 -123.088833 29033
 48.755083 -123.053444 29034
 33.175639 -117.413722 29036
 33.266889 -117.608500 29037
 43.629417 -085.757833 29039
 43.600639 -085.211889 29040
 34.700556 -081.337278 29042
 32.382556 -082.459750 29043
 33.750778 -081.848833 29044
 34.768889 -081.269556 29045
 35.541000 -080.494167 29046
 39.583694 -074.291722 29048
 40.052833 -074.016583 29049
 39.643500 -074.228750 29050
 39.701111 -074.167972 29051
 39.716639 -074.151583 29052
 39.936028 -073.918694 29053
 40.000222 -073.850194 29054
 40.221917 -073.715222 29055
 39.968611 -074.165639 29056
 39.816694 -074.045639 29057
 41.180750 -073.385444 29058
 41.093833 -112.343611 29060
 60.794667 -161.876361 29094
 61.023944 -162.121639 29095
 62.009250 -162.858083 29096
 61.781278 -160.999889 29097
 60.792056 -161.862500 29098
 60.794028 -161.835667 29099
 60.797083 -161.793528 29100
 60.799889 -161.755083 29101
 60.794278 -161.832000 29102
 62.125028 -162.960556 29103
 60.793083 -161.867917 29104
 60.801556 -161.844944 29105
 60.803556 -161.839500 29106
 61.107167 -160.999889 29107
 60.793611 -161.870778 29108
 60.810694 -161.856222 29109
 60.817278 -161.850611 29110
 34.568667 -117.365306 29187
 34.741667 -117.021639 29188
 34.185750 -118.599167 29189
 34.195389 -118.576000 29190
 34.220833 -118.491222 29191
 34.371778 -117.933417 29192
 34.444472 -117.655583 29193
 35.414722 -080.156778 29203
 35.427778 -080.109889 29208
 29.000000 -020.000000 2920N
 35.531278 -079.734694 29210
 35.515278 -079.793083 29211
 61.601222 -159.675833 29212
 39.114722 -090.948889 29352
 31.939694 -093.809528 29385
 32.017000 -093.748000 29386
 32.688056 -093.208528 29387
 30.280222 -095.100500 29390
 30.814389 -094.690944 29391
 30.910833 -094.616417 29392
 30.972750 -094.568500 29393
 30.302861 -095.216139 29394
 30.111444 -096.327444 29399
 30.168444 -096.702417 29400
 30.245639 -097.222778 29401
 30.311222 -097.680750 29402
 30.399333 -098.306028 29403
 30.436000 -098.574917 29404
 30.458306 -098.740472 29405
 30.484972 -098.940500 29406
 30.280194 -095.100500 29407
 30.814389 -094.690944 29408
 30.910833 -094.616417 29409
 30.972750 -094.568500 29410
 30.303889 -097.625556 29411
 39.992528 -083.920000 29423
 39.595750 -085.030639 29431
 38.488472 -084.970500 29437
 42.096028 -073.667500 29438
 41.700889 -073.747111 29440
 41.266333 -073.728583 29441
 32.413667 -093.430333 29448
 31.570972 -094.101194 29449
 44.859917 -093.266639 29451
 44.707639 -093.391583 29452
 45.786556 -121.788861 29453
 45.895167 -121.606444 29454
 45.746361 -121.779361 29455
 45.745222 -121.567389 29456
 39.932667 -105.210972 29457
 39.896278 -104.647806 29458
 39.879722 -104.650389 29459
 39.893083 -104.648306 29460
 39.915000 -104.644917 29461
 41.488472 -074.357889 29467
 28.339444 -081.515250 29469
 33.717750 -117.209611 29471
 33.914139 -117.424472 29472
 33.922333 -117.433472 29473
 33.962306 -117.477389 29474
 33.777333 -117.274639 29475
 28.021556 -081.746444 29481
 28.521806 -081.102278 29483
 41.931194 -071.800278 29490
 42.083583 -071.338917 29491
 42.234944 -070.726139 29492
 42.374306 -070.154528 29493
 62.240417 -163.063472 29494
 62.732639 -162.430194 29495
 63.760833 -161.023028 29496
 63.826028 -160.929667 29497
 57.754972 -158.611417 29498
 57.784778 -158.610056 29499
 57.980611 -158.600944 29500
 58.593056 -158.571833 29501
 58.726028 -158.565389 29502
 58.698000 -156.805667 29503
 58.724972 -156.786833 29504
 58.729639 -156.783556 29505
 58.736639 -156.778694 29506
 58.870472 -157.076917 29507
 58.870500 -157.077139 29508
 43.187278 -087.715250 29510
 43.327222 -086.504472 29511
 43.373278 -086.078556 29512
 43.365778 -085.883417 29513
 43.323611 -085.645694 29514
 43.270361 -085.349889 29516
 43.647889 -086.468139 29517
 43.443028 -086.092000 29518
 43.239611 -085.313167 29519
 43.211000 -085.614306 29520
 43.348528 -086.309194 29521
 43.359361 -086.208722 29522
 41.520944 -086.719028 29523
 40.717139 -084.749194 29524
 42.203917 -087.677139 29525
 42.158333 -087.725306 29526
 42.709778 -085.923833 29527
 42.680250 -086.085028 29528
 42.836056 -085.043556 29529
 34.578333 -080.885917 29530
 42.617639 -086.422528 29533
 42.613583 -086.444111 29534
 30.011250 -094.183417 29537
 30.023722 -094.083472 29538
 30.027361 -094.054139 29539
 30.054917 -093.830472 29540
 31.565861 -093.749472 29541
 31.879278 -093.691861 29542
 62.299111 -165.918889 29542
 29.956167 -095.147667 29544
 30.522000 -094.286306 29545
 30.403611 -094.414472 29546
 31.205333 -093.815306 29547
 31.565861 -093.749500 29548
 30.347417 -094.204083 29549
 30.382333 -094.395861 29550
 42.021556 -087.956333 29554
 28.870278 -080.777083 29555
 60.766583 -161.875222 29557
 30.393417 -094.674972 29559
 63.800500 -161.023611 29562
 34.379222 -086.190611 29564
 28.746639 -081.068528 29565
 36.680861 -084.357694 29566
 68.501500 -156.782694 29567
 69.516500 -161.845500 29568
 58.084139 -163.998306 29569
 56.194222 -134.005194 29570
 63.749278 -160.742167 29571
 67.441389 -153.292306 29572
 68.387389 -156.782500 29573
 68.444722 -157.013056 29574
 59.315167 -163.053861 29575
 59.739500 -162.710944 29576
 64.589111 -156.673861 29577
 64.887167 -151.551500 29578
 64.751222 -149.229417 29579
 64.701806 -148.515139 29580
 65.540722 -164.128333 29581
 33.505833 -117.727528 29590
 33.351111 -117.676667 29591
 33.598944 -117.837000 29592
 33.499889 -117.972639 29593
 33.760917 -118.428250 29594
 33.607472 -117.270056 29595
 34.009722 -118.444917 29596
 34.220111 -118.480556 29597
 34.362222 -118.504722 29598
 34.477528 -118.524389 29599
 34.599472 -118.545250 29600
 34.741583 -118.569639 29601
 33.349861 -117.134444 29602
 35.131250 -118.736694 29603
 34.023361 -117.837194 29605
 34.265194 -119.322417 29606
 34.222667 -119.138139 29607
 63.853583 -160.783944 29609
 63.888722 -160.692694 29610
 43.764972 -093.506417 29615
 35.325583 -080.506833 29616
 35.328139 -080.508083 29617
 35.328028 -080.508056 29618
 39.379083 -083.977833 29628
 40.660222 -073.395833 29629
 40.659944 -073.399583 29630
 40.694056 -073.370917 29631
 42.453417 -071.085722 29632
 42.180944 -071.215250 29633
 42.946056 -070.848472 29634
 41.075583 -072.216389 29635
 34.749750 -080.877667 29636
 34.665306 -080.893250 29637
 34.735361 -080.909111 29638
 34.730583 -080.919583 29639
 37.750750 -108.394222 29640
 37.551417 -108.334861 29641
 37.731583 -108.079944 29642
 37.801500 -107.980472 29643
 27.950056 -082.416306 29646
 29.336111 -082.328861 29647
 38.576111 -082.693611 29648
 38.401972 -083.520333 29649
 38.649583 -083.992167 29650
 40.004111 -086.723194 29651
 40.252611 -074.341417 29655
 40.858556 -073.717833 29656
 40.867778 -073.859889 29657
 40.949722 -073.861361 29658
 40.930611 -073.861000 29659
 40.916472 -073.860750 29660
 32.243000 -086.595833 29663
 32.342750 -086.426667 29664
 32.371111 -086.378417 29665
 32.400444 -086.328417 29666
 32.516583 -086.129972 29667
 32.672722 -085.861444 29668
 45.871250 -111.356944 29685
 40.182528 -086.072333 29686
 40.000611 -086.320194 29687
 40.000556 -086.300028 29688
 40.015861 -086.280972 29689
 40.000583 -086.306111 29697
 36.648306 -083.575778 29698
 60.986472 -146.265278 29699
 60.421472 -146.850389 29700
 60.928167 -148.723028 29701
 60.417611 -153.394750 29703
 34.023389 -117.837306 29709
 30.073528 -096.081944 29710
 29.575861 -095.655694 29711
 29.258333 -096.133639 29712
 29.671139 -092.795056 29713
 29.708194 -090.924139 29715
 29.665694 -091.191528 29716
 61.266417 -150.288361 29718
 61.140056 -150.257194 29783
 61.151611 -150.285944 29784
 61.240139 -150.499472 29785
 61.414306 -150.922417 29786
 61.189556 -150.333222 29787
 61.199583 -150.337389 29788
 61.359444 -150.095528 29789
 61.697389 -149.912389 29790
 61.279611 -150.276222 29791
 61.472028 -150.169722 29792
 62.360750 -149.528806 29793
 29.471056 -095.860667 29795
 29.672306 -094.669972 29800
 29.753056 -094.860444 29801
 61.097472 -150.234694 29802
 61.220000 -150.392389 29803
 31.203694 -096.757389 29804
 40.881000 -081.596361 29806
 31.030528 -097.078694 29811
 31.056611 -096.780167 29812
 29.945139 -095.632250 29813
 31.092417 -096.356528 29814
 29.929556 -095.990889 29815
 31.092611 -096.354278 29816
 29.732528 -095.528639 29817
 29.788778 -095.714250 29818
 29.855583 -095.936056 29819
 29.858611 -095.946139 29820
 30.557778 -095.364583 29821
 29.566944 -098.294083 29822
 30.557778 -095.364583 29823
 42.762056 -073.391778 29825
 42.765500 -073.289306 29826
 42.828444 -071.857278 29827
 31.200500 -097.211833 29829
 43.254222 -095.809222 29830
 41.912806 -085.000000 29831
 41.740333 -085.268278 29832
 42.558472 -070.816889 29838
 27.950278 -082.710639 29839
 29.229889 -082.202472 29844
 27.950222 -082.787361 29845
 28.108556 -082.032139 29846
 28.008639 -083.016139 29847
 42.379917 -070.744778 29851
 43.627833 -101.152167 29853
 43.248667 -100.065389 29854
 41.302028 -099.031389 29855
 41.869639 -099.019444 29856
 43.232417 -100.051389 29857
 20.276139 -156.287417 29860
 20.554194 -156.546389 29861
 20.790778 -156.462222 29862
 20.321222 -156.026472 29863
 20.293528 -156.027333 29864
 20.221639 -156.029528 29865
 20.505778 -156.020806 29866
 39.065083 -122.564333 29867
 38.577083 -122.715722 29868
 38.504833 -122.737944 29869
 38.463417 -122.750667 29870
 38.724389 -122.324472 29871
 38.494472 -122.519639 29872
 38.369389 -122.625167 29873
 36.878583 -111.665833 29874
 37.464389 -112.527083 29875
 37.536056 -113.128722 29876
 37.076250 -111.750861 29877
 34.750306 -113.872222 29878
 35.758639 -111.838139 29879
 35.430472 -112.039611 29880
 40.279944 -074.748861 29881
 39.986111 -075.447833 29882
 40.170750 -074.423056 29883
 40.144056 -075.222500 29884
 39.720278 -075.848917 29885
 34.836250 -085.643806 29886
 39.761861 -121.864278 29889
 37.334889 -122.546778 29890
 37.366861 -122.560444 29891
 40.727056 -093.066028 29892
 40.820000 -092.388722 29893
 40.849889 -092.164111 29894
 40.904528 -091.744306 29895
 40.979694 -091.145111 29896
 41.023639 -090.782028 29897
 41.078389 -090.315167 29898
 41.105694 -090.075556 29899
 33.456444 -081.846333 29900
 32.770444 -081.876944 29901
 32.751389 -081.966361 29902
 33.456444 -081.846333 29903
 32.770444 -081.876944 29904
 34.343139 -078.611222 29906
 34.294333 -080.851333 29908
 34.439972 -078.891917 29909
 34.098056 -078.277778 29910
 19.834306 -156.035944 29912
 33.707556 -084.112361 29914
 33.634000 -084.160639 29915
 33.586861 -084.191528 29916
 33.596750 -083.942889 29918
 33.599944 -085.005000 29919
 33.698972 -084.753944 29920
 33.704472 -084.121444 29921
 33.682000 -084.904361 29922
 33.551250 -084.718056 29923
 33.577028 -084.137222 29924
 33.654778 -084.046778 29925
 41.346194 -074.083611 29926
 41.316444 -074.075278 29927
 40.000528 -086.287778 29928
 40.000417 -086.235944 29929
 40.000417 -086.233389 29930
 40.000583 -086.316472 29931
 40.000417 -086.237306 29932
 40.000417 -086.231833 29933
 40.000722 -086.397028 29934
 40.000722 -086.396972 29935
 39.630028 -088.972778 29936
 39.560333 -088.897806 29937
 39.439139 -089.178111 29938
 39.365028 -089.348278 29939
 39.153583 -089.828778 29940
 39.604306 -088.887556 29941
 39.547028 -088.135417 29942
 39.556139 -088.284667 29943
 39.559306 -088.337583 29944
 39.896389 -085.000444 29945
 39.902778 -084.880306 29946
 39.910583 -084.730111 29947
 39.919083 -084.562194 29948
 39.924222 -084.457917 29949
 39.028028 -086.682417 29950
 38.538694 -086.972833 29951
 38.494639 -087.013111 29952
 41.115306 -076.411250 29953
 41.289806 -075.954111 29954
 41.347528 -075.808528 29955
 41.374528 -075.740222 29956
 40.858333 -073.379611 29957
 40.862833 -073.343806 29958
 40.880639 -073.200500 29959
 33.263028 -117.580389 29962
 33.325806 -117.659278 29963
 33.191194 -117.490306 29964
 33.114917 -117.409889 29965
 41.374528 -075.740250 29966
 41.450250 -075.547806 29967
 40.880639 -073.200500 29968
 40.893389 -073.097056 29969
 34.760000 -118.655306 29971
 61.599833 -151.434944 29975
 61.424917 -150.267000 29976
 60.876194 -151.369056 29977
 60.914056 -151.294750 29978
 60.445528 -146.749194 29980
 60.874861 -151.369417 29981
 44.854139 -093.430806 29982
 31.578583 -121.347722 29983
 34.829639 -088.621361 29984
 34.405000 -089.543000 29985
 34.185889 -090.280417 29986
 36.140750 -090.080250 29987
 36.138278 -089.714028 29988
 35.795611 -091.418778 29989
 36.132333 -089.153722 29990
 35.028583 -089.932750 29991
 35.158472 -089.441472 29992
 35.016111 -089.911556 29993
 35.021500 -089.460944 29994
 35.024222 -089.151917 29995
 35.075806 -090.013056 29996
 35.386500 -090.166500 29997
 35.497444 -090.221611 29998
 35.053000 -089.974250 29999
 26.166666 -170.000000 29SOK
99
